292
452
685
700
1156
1249
1600
2405
2814
2827
2912
2975
3648
4065
6030
6413
6642
6938
7810
8748
8789
8886
9685
10394
10561
11667
12023
12256
12782
13229
14237
16197
17774
18332
18418
18450
18543
18637
18749
19751
20268
20606
20717
21739
21984
22267
23068
24908
25415
25449
26055
26752
26911
27301
27526
27855
28690
28854
29051
29339
29392
30697
30831
30906
31592
34468
35023
35183
35414
35712
35928
36007
36214
37339
38042
38228
38563
38662
38822
40149
40642
40943
41476
41555
41728
42021
42040
43627
44509
45195
45548
45581
46463
47821
47845
47907
49918
50333
50377
50820
52258
52512
52617
52785
52904
52987
53123
53223
53381
53620
54299
55883
56623
56960
57726
58479
59808
59812
60014
61268
61708
62735
62837
63823
64340
64697
65297
66794
66997
67327
67401
67848
67995
68114
68155
68503
68778
69072
69574
69920
70478
70903
71160
72084
72698
73251
73961
74201
74405
75394
75401
75419
75448
75901
76369
77080
77826
78379
78852
79015
80456
81094
81481
83160
83454
84042
84408
84943
86131
86168
86345
86799
87785
88028
88255
88455
88970
89090
89108
89517
90722
90868
91659
91988
92265
92959
93762
94289
94387
94752
96040
98757
98949
99373
100065
101085
102996
103226
105240
105305
105328
105552
105570
105716
106307
106792
106809
108652
108806
109025
109125
109366
109510
109653
112225
112428
112587
113762
113946
114266
114401
114527
114547
114617
114895
115138
115151
115617
116636
116921
117232
117990
118211
119457
120348
120659
121109
121298
121326
121635
121984
122997
123708
123835
126824
126832
127188
127787
128386
128804
128809
129115
129551
129596
130360
131452
132195
132825
132857
134285
135322
135407
135587
136037
139642
140215
140342
141125
141573
141925
142663
143152
143939
144651
145416
145502
145583
146060
146083
146312
146499
147119
147467
148148
148806
148843
148884
149613
149996
150856
150987
151096
151178
151267
151494
152141
152781
153284
154187
155178
155205
155384
155634
155917
156663
157481
158244
158730
158776
159326
159514
160305
160518
160662
162070
163075
163595
163916
164179
164218
164818
165896
166160
166193
166548
166965
167219
167484
167826
167829
168518
168647
169152
169931
170320
170609
172012
172496
173033
174342
175278
175468
178526
178653
179167
179283
180054
180754
181648
182946
183005
183959
184165
185283
185457
185654
186392
186473
187419
187457
188031
188077
188095
188199
188752
188836
188925
189423
190160
190355
190547
190829
191860
192086
193291
193739
194075
196497
196798
197000
197370
197458
198418
200889
201905
201965
202506
203305
203760
204905
204978
205148
205742
205864
206741
206823
207737
207826
207916
208029
208120
208168
209429
210002
210621
211040
211752
212021
212214
212340
212538
212881
213036
213180
213917
214373
214447
214998
216533
219153
219275
219386
220147
220205
220348
220997
221998
222359
222696
222850
223006
223086
223973
224098
224239
224246
224358
224401
224562
224851
224882
226346
226802
227753
228130
228280
228421
229278
229401
230076
230512
231401
231914
231972
234111
234401
235896
237449
237580
239670
239866
240085
240136
240337
240373
240440
240745
240777
240954
241873
242331
244054
245947
246065
246269
246906
247134
247313
247446
248134
248345
249048
250998
251510
252405
252964
253043
253616
254641
256128
256704
257097
257561
258543
258945
259474
260130
260578
261095
261203
262005
262264
262889
263361
263540
264353
264742
264750
264887
264960
265812
266283
266318
266626
266690
266871
268718
270130
270549
270974
271288
271795
271883
272294
272672
272675
274498
274784
275077
275764
277153
277509
277814
277903
278106
278139
278182
279454
280237
280779
281829
282076
282126
282161
282575
282810
284025
284217
288767
288903
289469
291855
293831
294233
295684
296024
296161
296405
297329
297427
297998
298156
298348
298373
298423
299199
299283
299325
299441
299548
299630
299858
300038
300192
300572
300929
301016
301196
301395
303259
303509
304547
304837
304851
304924
306050
306191
307009
307042
307121
307139
307214
308982
309241
310583
311216
311647
313549
313801
314218
314887
314936
315393
315775
316717
316938
317099
317443
317596
319350
319364
320471
320532
321427
322130
323028
323563
323680
323933
324148
324575
324600
326087
326089
327249
327289
328205
328348
328821
329050
329546
329661
330129
330292
331289
332151
332157
332567
332830
333528
334230
334237
335132
335612
335751
336020
336035
336683
336713
336721
336905
337714
338172
338365
338917
338955
339282
339367
339873
339968
342237
343048
343239
343392
343742
343804
344193
346061
347028
347100
347305
347931
348586
348649
348798
349009
349217
349253
349325
349438
349723
350127
354531
354633
356810
359565
360139
360977
361674
362054
362210
362704
363697
363792
364001
364232
364391
365235
365272
365499
365924
366880
367178
367294
367404
367684
368126
369257
369458
369713
369978
371465
371915
373369
374767
375432
376171
376579
377183
377326
377449
377623
378057
378510
378560
379136
379413
379421
379436
379558
379804
380307
380846
380964
381196
381219
381310
381769
381778
381852
382552
383175
383346
383413
383499
383703
384004
384359
384745
384857
385185
387384
388404
389117
391393
391820
391881
391971
393621
393970
394280
394519
394621
394743
395493
396786
398024
399208
400619
400822
401056
403055
404483
404604
405487
405985
407326
408595
408944
409175
409229
410098
410366
410706
411213
412513
412932
413583
414053
414947
415239
415720
418024
419368
419551
422042
422793
422884
423066
424818
424827
425018
425170
426052
426913
427247
427504
427824
428042
428105
428501
428927
429229
430168
431524
431812
432016
432721
433532
434475
434545
435502
436062
436550
436649
437190
437873
438904
439313
439555
439629
439681
439830
439840
440113
441895
442224
442467
443712
443955
444287
444438
444542
444879
445915
446495
447259
447348
447594
447961
448592
448762
449519
451297
451925
453312
453784
453845
453982
454339
454793
454938
454996
455131
455207
456322
457055
458788
458975
459193
459286
459536
459592
460314
460933
461160
461570
461609
462330
462770
463240
463370
463405
464627
465887
467031
467439
468005
468135
468141
469299
469833
470323
470348
471255
471331
471468
471504
471947
471955
472059
472781
473358
473583
474099
474217
474611
474701
475333
476097
476434
476544
476589
477075
477803
478974
478987
482385
483133
483597
485260
485371
485590
486221
486759
487115
487965
488657
489325
489857
490286
490610
490665
490822
490874
491513
493012
493598
493770
494854
496985
497966
499291
499490
500253
500359
501016
502145
502759
503229
504463
504791
505733
505797
505815
506381
506440
506748
506841
507388
507465
507575
508101
508806
508841
508993
510026
511271
511302
511896
512792
513202
513623
514348
517709
518682
519029
519341
519754
521724
522769
524025
524130
524338
525688
526246
527053
528233
529648
530404
530771
530823
531132
532748
533105
534403
534411
534449
534557
535137
535311
535490
535530
535581
535629
536458
537204
538163
540124
541647
541733
542433
543132
543253
543427
544536
545586
546199
546286
546774
548329
548341
548460
548623
548829
548918
548968
549496
551034
551138
551352
551620
553314
553486
556854
557303
557425
557980
560068
560906
561531
563098
563189
563509
563619
564142
565144
565967
566023
566699
566727
567198
568037
568245
571054
571984
572099
573319
574158
574229
575383
575980
576173
576349
576480
576604
578406
578634
578697
579180
580368
581728
583901
584100
584143
584881
585707
585730
586014
587166
587747
589199
589349
590106
590412
590886
591095
591900
592959
593971
594070
594429
594488
596306
597566
599092
600616
601148
601661
601762
601920
602778
604159
604419
604756
605556
605708
606556
606887
606956
607316
607684
607970
608265
609152
609366
609433
610848
612933
615246
615455
616248
617138
617758
619321
619516
620022
620375
620814
620905
621518
621927
622463
622533
622555
622617
622658
622699
623492
623554
623571
623830
624044
624151
624153
624167
624319
624344
624583
624587
624691
625039
625328
625810
625856
627211
627555
629017
629213
630421
631520
632701
632858
633168
633345
633904
633974
634281
634684
634927
634970
635279
635463
635468
635517
635574
635711
636273
636783
636852
637398
637802
638806
639075
641220
642832
644621
645191
645262
645514
645668
649508
650981
651505
651540
652276
652761
653566
653807
654351
654519
654656
655240
656945
657356
657647
658672
660435
660944
661073
661334
661713
662258
663103
663147
663208
663752
663787
664082
664497
666045
667053
667261
667304
668284
668304
672578
673150
673864
675791
675868
676103
677368
677811
679477
679691
679946
680060
681979
682040
682195
682427
682435
683001
683015
683361
683606
683617
688210
688353
689592
690452
691785
692790
692927
693003
693049
694514
694632
695826
698181
698943
699434
699630
702428
702501
702833
703579
704778
704919
705569
707186
707498
708184
709021
709666
709724
709858
710435
711045
711306
711445
711549
712213
712602
714956
715112
717342
718173
718526
718668
718698
719774
720903
721061
722280
722629
722824
722966
723471
723677
724604
724676
725563
725754
726962
727369
727435
727498
727817
728014
728015
728162
728275
728641
728875
728989
729281
729663
729748
730460
730467
732519
733745
733756
734333
734379
734464
738143
739456
739650
739907
740905
741240
741481
741905
742328
742847
742917
743104
762954
769719
772967
775889
776006
777175
777676
778197
778363
780289
780507
781568
783651
783696
783760
784032
799229
814412
844637
844764
845345
845351
845510
845690
845714
845723
845728
845834
846065
846123
846139
846203
846214
846254
846391
846507
846511
846651
846704
846835
846879
846896
846919
847018
847057
847091
847243
847281
847852
883440
950169
950408
950472
950591
950778
950786
950837
951032
951150
951179
951214
951346
951412
951442
951665
951727
951851
952067
952288
952646
952918
952956
952992
953034
953052
953151
953344
953412
953681
953735
953957
954052
954466
954510
954528
954546
954742
954826
955342
955604
956098
956122
956620
957289
958204
958239
958322
959006
959082
959148
959263
959282
959330
959338
959703
959729
959880
959926
960087
960750
969131
981719
981720
983467
983489
985436
985725
986005
986707
986870
986907
987177
987330
987461
987572
988117
988169
988233
988564
988877
988958
989111
989333
989471
989667
990094
990129
990210
990318
990333
990560
990736
990920
990927
998767
998874
998939
999020
999025
999309
999357
999509
999547
999612
999676
999764
999802
999867
999986
1000169
1000257
1000404
1000443
1000568
1000569
1000572
1000587
1000619
1000659
1000704
1000720
1000815
1000944
1001182
1001233
1001256
1001259
1001479
1001572
1001649
1001740
1001802
1002012
1002133
1002179
1002425
1002972
1003033
1003057
1003130
1003380
1003422
1003472
1003510
1004188
1004347
1004441
1004666
1004678
1004883
1005166
1005262
1006319
1006398
1006446
1006729
1006923
1006955
1006986
1024927
1025452
1033902
1034798
1035019
1039610
1042189
1046281
1049608
1057413
1057600
1072118
1074168
1107651
1107678
1109788
1110315
1110352
1110496
1111165
1111580
1111846
1111912
1112433
1112569
1113393
1113400
1113629
1114195
1114214
1114343
1114469
1114549
1115091
1115394
1115510
1115673
1115674
1115737
1116085
1116581
1117021
1117345
1117885
1118239
1118419
1119298
1120461
1121734
1123464
1124660
1124850
1125063
1125299
1125526
1126240
1126313
1126320
1126364
1126453
1126496
1126555
1126558
1126580
1126656
1126751
1126753
1126773
1126869
1126894
1126926
1127175
1127367
1127444
1127549
1127632
1127730
1127916
1128001
1128115
1128294
1128343
1128554
1128844
1128929
1129144
1129216
1129560
1129650
1129734
1129943
1130014
1130342
1130649
1130758
1130909
1130911
1131367
1131411
1131855
1132238
1132816
1132875
1133126
1140638
1141528
1142771
1142946
1143101
1143352
1143692
1143730
1143757
1144221
1144744
1144747
1144814
1144818
1144837
1144883
1144908
1145039
1145602
1145629
1145753
1145859
1145968
1146082
1146146
1146281
1146333
1146351
1146463
1146476
1146710
1146793
1146794
1147067
1147105
1147517
1147531
1147746
1147750
1148168
1148313
1148381
1148458
1148624
1148917
1149566
1149617
1149664
1149805
1149982
1150274
1150902
1150972
1151144
1151389
1151431
1151477
1151484
1151677
1151867
1152193
1152295
1152566
1152616
1153137
1153282
1153319
1153376
1153382
1153457
1153515
1153605
1153686
1153688
1153718
1153753
1154163
1154561
1155433
1155856
1156310
1156356
1156729
1156845
1158097
1158311
1159217
1159363
1159713
1159889
1160054
1160092
1160176
1160469
1160517
1160545
1160549
1160623
1160670
1160865
1161106
1161134
1161148
1161192
1161200
1161303
1161363
1161491
1161515
1161611
1161648
1161745
1161747
1161977
1162020
1162030
1162281
1162296
1162336
1162397
1162453
1162598
1162636
1162693
1162987
1163065
1163150
1163230
1163238
1163382
1163391
1163438
1163498
1163527
1163725
1163788
1163815
1163858
1164032
1164226
1164945
1165334
1165378
1165423
1165615
1166308
1166515
1166686
1166832
1166842
1166940
1167156
1167389
1167793
1167937
1167994
1168094
1168278
1168517
1168577
1168911
1168957
1169060
1169143
1169520
1169579
1169809
1170055
1170062
1170082
1170099
1171166
1172272
1172480
1172673
1172863
1173059
1173081
1174053
1174092
1174148
1176912
1177045
1177084
1177203
1177322
1177342
1177397
1178188
1178576
1178588
1178658
1178760
1178823
1179077
1179227
1179282
1179409
1179514
1179686
1179785
1179829
1179837
1179855
1179905
1179985
1180126
1180146
1180150
1180405
1180463
1183301
1183941
1184023
1184333
1184490
1185262
1190035
1190312
1191545
1191599
1191608
1191625
1191946
1192007
1192100
1192155
1192180
1192519
1194442
1194535
1194543
1195049
1195176
1195314
1195326
1195445
1195530
1195565
1195643
1195682
1195874
1195938
1196006
1196188
1196299
1196468
1197059
1197066
1197094
1197098
1197240
1197241
1197459
1197675
1197739
1197838
1198147
1198409
1198709
1199028
1199041
1199119
1199127
1199165
1199314
1199399
1199410
1199492
1200481
1200492
1200629
1200991
1201214
1201356
1201809
1205947
1206359
1206500
1208160
1208326
1208491
1208962
1209230
1209372
1209448
1209733
1209819
1209823
1209929
1209972
1210019
1210080
1210084
1210125
1210412
1210426
1210572
1210600
1210619
1210632
1210683
1210770
1210825
1210832
1210868
1210890
1210949
1210966
1210988
1211146
1211171
1211245
1211273
1211314
1211338
1211422
1212274
1213223
1213261
1213521
1213560
1213850
1214058
1215365
1215388
1215571
1216722
1216751
1217061
1217089
1217108
1217283
1218273
1218287
1218490
1218507
1218795
1219100
1219709
1219899
1220010
1220333
1220716
1221035
1221088
1221364
1221548
1221752
1221918
1222388
1224288
1224560
1224684
1227456
1227852
1227974
1228327
1230137
1230160
1230405
1230485
1230539
1230547
1230738
1231022
1231190
1231284
1231394
1231464
1231469
1231614
1231776
1232186
1232361
1232430
1232502
1232845
1232897
1232907
1233038
1233064
1233365
1233366
1233436
1233651
1233982
1234034
1234284
1234298
1234657
1234949
1235204
1235215
1235250
1235298
1236349
1236709
1236889
1237104
1237305
1237644
1237912
1237937
1237948
1238140
1238157
1238328
1238382
1238786
1238960
1238965
1239667
1240040
1240157
1240809
1240859
1240873
1241266
1241759
1241900
1242002
1242045
1242049
1242085
1242135
1243709
1243720
1243856
1243907
1244068
1244197
1244248
1244291
1244390
1244398
1244481
1244508
1244558
1244582
1244619
1244724
1244805
1244860
1244868
1244883
1244923
1244943
1244967
1245247
1245459
1245684
1245877
1245976
1246057
1246124
1246233
1246247
1246538
1246588
1256082
1256448
1257950
1259375
1259464
1259835
1260525
1263542
1263682
1263814
1264299
1264846
1265194
1265381
1265466
1266030
1266533
1266869
1266872
1267102
1267373
1267482
1267734
1268286
1269100
1269149
1269165
1269759
1269944
1269962
1270002
1270131
1270594
1270931
1270950
1270956
1278257
1278742
1279355
1281807
1282371
1282534
1282765
1283000
1283645
1283666
1283890
1283910
1283915
1284984
1285194
1286277
1286284
1286320
1286698
1287017
1287196
1287213
1287297
1287343
1287435
1287456
1287573
1287617
1287803
1289199
1298158
1298203
1298509
1312347
1317019
1317059
1318396
1318519
1318527
1318617
1318674
1318738
1318815
1318852
1318991
1319202
1319257
1319266
1319294
1319308
1319389
1319417
1319445
1319475
1319763
1319785
1319794
1319821
1319847
1319868
1319914
1320159
1320199
1320487
1320610
1320736
1321368
1321397
1321980
1322349
1322534
1322547
1322566
1323295
1323330
1324249
1324300
1325779
1327583
1327882
1328215
1328249
1328331
1328361
1329119
1329122
1329531
1329561
1329840
1330128
1330149
1330451
1330533
1330653
1330919
1330923
1331002
1331053
1331193
1331265
1331820
1331833
1331878
1331901
1331985
1332004
1332047
1332183
1332349
1332359
1332363
1332582
1332602
1332627
1333157
1333320
1333588
1333645
1333705
1333826
1333904
1334320
1334477
1360406
1364454
1364767
1366839
1369474
1369582
1370703
1371004
1374134
1374535
1374649
1374764
1375543
1375608
1376614
1376774
1377688
1378344
1378629
1378699
1378711
1379428
1379540
1379873
1379922
1379970
1380237
1380947
1381272
1381350
1382171
1391376
1391380
1391540
1392225
1393884
1395455
1396051
1396238
1400243
1401807
1402957
1403562
1403755
1404151
1404372
1404395
1404467
1404609
1405016
1405528
1406091
1406890
1407317
1407934
1407958
1408119
1408204
1408319
1410896
1411342
1412704
1412918
1413395
1413724
1415659
1417556
1418193
1418669
1420253
1420606
1420906
1421494
1422011
1422389
1423291
1424727
1424734
1424768
1424870
1425098
1425213
1426227
1429007
1429639
1432570
1433200
1434702
1435588
1435660
1435732
1435971
1437660
1438543
1439184
1440350
1440496
1446807
1447499
1447896
1448672
1448798
1448799
1449051
1449243
1450509
1450680
1452044
1452294
1452511
1452591
1452649
1454752
1455288
1455791
1456412
1456802
1458947
1459263
1463566
1463788
1464214
1464379
1464642
1464777
1464843
1465120
1465956
1466675
1467334
1467773
1468450
1469085
1470050
1475035
1477672
1477852
1479921
1480404
1484720
1484991
1485210
1486189
1486249
1486420
1486736
1487030
1487616
1488948
1492090
1493705
1494150
1494532
1494560
1495293
1496246
1499337
1503340
1503519
1503688
1503738
1503810
1505800
1505871
1511334
1512193
1512579
1514435
1517518
1518325
1535693
1539025
1539916
1540151
1540399
1540408
1540557
1540642
1540950
1541150
1543389
1543404
1543569
1544000
1544274
1545946
1546677
1547910
1548063
1548417
1548467
1548489
1549632
1549736
1550171
1550485
1550668
1550850
1551453
1552961
1553497
1554050
1556773
1557367
1557553
1559762
1576971
1577198
1577663
1578194
1578391
1578539
1579584
1579614
1579693
1584289
1584384
1584798
1586248
1586516
1586877
1587087
1587227
1588141
1589289
1599972
1601394
1601409
1601445
1601708
1602270
1602953
1603382
1604636
1605343
1606155
1606176
1606667
1606752
1606877
1607450
1608491
1608542
1608685
1616159
1617422
1618315
1618867
1619221
1619381
1620184
1621523
1621601
1621707
1622009
1623379
1623923
1626885
1628398
1629140
1631134
1636876
1637763
1638509
1640078
1640853
1640858
1641037
1641633
1641992
1642080
1642095
1642306
1642480
1643392
1644555
1644937
1652152
1653411
1653421
1654497
1656020
1656458
1656883
1657331
1658300
1658385
1659404
1662235
1663817
1667494
1668081
1669637
1669728
1670098
1671858
1673575
1673926
1675612
1685936
1696941
1712774
1717530
1718105
1726012
1726033
1726515
1727727
1728302
1730150
1730970
1731391
1731458
1731714
1733992
1734748
1736014
1736017
1736885
1737412
1737749
1738313
1738517
1738963
1739419
1740144
1740148
1740482
1740674
1740829
1740854
1741300
1741694
1742716
1742798
1743049
1743560
1743601
1743983
1744820
1746568
1746727
1748644
1749552
1749628
1751012
1752279
1752358
1761607
1761620
1761686
1764171
1764331
1766171
1766607
1767661
1767803
1768206
1770804
1775505
1776642
1781068
1781983
1782585
1782840
1783713
1784022
1784207
1784563
1784568
1785201
1785387
1785595
1786189
1791624
1791731
1792548
1792786
1793616
1794093
1794391
1794940
1798123
1798523
1798610
1801110
1801490
1802194
1803694
1804759
1811603
1811665
1812532
1816759
1821775
1821825
1823066
1823109
1823198
1832124
1836768
1841799
1846668
1856469
1857743
1858326
1859556
1859681
1860146
1864899
1866076
1872625
1873773
1875307
1875544
1875619
1876220
1877491
1878247
1881175
1882448
1884623
1894254
1898882
1899065
1901076
1902045
1902346
1905139
1908746
1910005
1910122
1911633
1912609
1912846
1916755
1918320
1920640
1923815
1925411
1925664
1926815
1927256
1933015
1935980
1937107
1937608
1937732
1938329
1939639
1944836
1945629
1951399
1951576
1951721
1951827
1952421
1952643
1952950
1953084
1953319
1955350
1955402
1959267
1960709
1961306
1961331
1961986
1965930
1967034
1967197
1967281
1967688
1968879
1968989
1969148
1969621
1969731
1969739
1969963
1970221
1970950
1971353
1971791
1972163
1976390
1976737
1977480
1977503
1977637
1977862
1978733
1979552
1980888
1980986
1981101
1983765
1988360
1993858
1997336
1999208
2000568
2001933
2002055
2002091
2002279
2002785
2010299
2019697
2026487
2028493
2030833
2041007
2042950
2048020
2048171
2049417
2049564
2049710
2050497
2051444
2051839
2052121
2052366
2052468
2052521
2052581
2053143
2055846
2056090
2058004
2063415
2063526
2064029
2064608
2065284
2066865
2067032
2067844
2068252
2068946
2070394
2071101
2072635
2073332
2074292
2074617
2074705
2074774
2075488
2077965
2079441
2086087
2091593
2096898
2098095
2098941
2101180
2101432
2101584
2102572
2102689
2104973
2105058
2106814
2109208
2109461
2110603
2113983
2114968
2115088
2116056
2117358
2117618
2118800
2119095
2120457
2121415
2127688
2129067
2132933
2133344
2134813
2135958
2136856
2137664
2138668
2139091
2139406
2140215
2143555
2145200
2149761
2166698
2170128
2187059
2188667
2191505
2195443
2204319
2225676
2248774
2267068
2279023
2280165
2282196
2287034
2287806
2315902
2368186
2372775
2373469
2374648
2377872
2379547
2380707
2383446
2384574
2388877
2395495
2401267
2403706
2403714
2404690
2417445
2430000
2430470
2430479
2439242
2441525
2441720
2444607
2444929
2448157
2462244
2462323
2465883
2474488
2474511
2475721
2475994
2479785
2480537
2481369
2485685
2486167
2488060
2490692
2492093
2492368
2493709
2493783
2495778
2496707
2497389
2497516
2500143
2502639
2502681
2503245
2504375
2511390
2511405
2511716
2513574
2514480
2514503
2518279
2518353
2519910
2520926
2523107
2528596
2529197
2529684
2530664
2533370
2537469
2538769
2541838
2541888
2542331
2545375
2550828
2552777
2556932
2557444
2563835
2566158
2567586
2571429
2571929
2573125
2575581
2576513
2576849
2577390
2579018
2579086
2584597
2587272
2588742
2593945
2596724
2599946
2603773
2604005
2607221
2607991
2612278
2614131
2614492
2614931
2616140
2623114
2625699
2626014
2638434
2640421
2640961
2645782
2646179
2651159
2651904
2653652
2659178
2662534
2662721
2667842
2672642
2674595
2676227
2676665
2677136
2678788
2678903
2681765
2681940
2684108
2684211
2685306
2686688
2686866
2689177
2689663
2691394
2691999
2692405
2693641
2703750
2705741
2706015
2706614
2712276
2712797
2713224
2715076
2715224
2715824
2723010
2726016
2727260
2732089
2734951
2735545
2740504
2740625
2740836
2743876
2744894
2745919
2747453
2749984
2753183
2756787
2759544
2760835
2762897
2767560
2768389
2772721
2772795
2776002
2777950
2778269
2782746
2783547
2784231
2784668
2785269
2786305
2788049
2794420
2795036
2800544
2804591
2805724
2807401
2811063
2813365
2814728
2816998
2818151
2818255
2818701
2820116
2821086
2821867
2822207
2823217
2823612
2825074
2825647
2825859
2826407
2831831
2833408
2834226
2835760
2837690
2842370
2848849
2850128
2850762
2851374
2857290
2860579
2861346
2862535
2864319
2866838
2871843
2874197
2879627
2880752
2881415
2884422
2887246
2887588
2889200
2894439
2895234
2897184
2897283
2897510
2899045
2899392
2900573
2903452
2905952
2906677
2906721
2907125
2908308
2908479
2908944
2909912
2911555
2918492
2919621
2920144
2926240
2927415
2928489
2929033
2929822
2931205
2933981
2936334
2936538
2943194
2943394
2944111
2944121
2948122
2949253
2949327
2949430
2950282
2951204
2951647
2951962
2951990
2952221
2957804
2961178
2962676
2964682
2968530
2976330
2977230
2977603
2983328
2984749
2986345
2987600
2987761
2989997
2990382
2991577
2991871
2999324
3001372
3001630
3004211
3011801
3011899
3012267
3013107
3014955
3016983
3017145
3018029
3018656
3018906
3020778
3022826
3028253
3028645
3028996
3032730
3035430
3035776
3038796
3039196
3039847
3041644
3042534
3045303
3047261
3049524
3052770
3052850
3054986
3059292
3061777
3061805
3063593
3069548
3070321
3073425
3077314
3077901
3080481
3080982
3081317
3082315
3085263
3085512
3088408
3089364
3090503
3091384
3093317
3095348
3097419
3098040
3099512
3099633
3099881
3104010
3104342
3104531
3104640
3105462
3106386
3108720
3109948
3111260
3112351
3115878
3117290
3117325
3119552
3119640
3124988
3128258
3129035
3133274
3136347
3137816
3138731
3139247
3141467
3141488
3142917
3143863
3145160
3146495
3147848
3151774
3156856
3161506
3162369
3162594
3164046
3165606
3167409
3171771
3174873
3177235
3178858
3184951
3186496
3187932
3196454
3197386
3197802
3198313
3198325
3198637
3198800
3201141
3203175
3203182
3206130
3210307
3212932
3213789
3217227
3223706
3223933
3226469
3227836
3233116
3237403
3237860
3238158
3238365
3238930
3240182
3241574
3242111
3242432
3246152
3247622
3249343
3250190
3250285
3251090
3252137
3254240
3254249
3255259
3255471
3256933
3257859
3261694
3262022
3262051
3262650
3262698
3263670
3265880
3268050
3268634
3269636
3270149
3270842
3274429
3275818
3277380
3277678
3277750
3279361
3282581
3282956
3284770
3286901
3287075
3287193
3289141
3290951
3293640
3295698
3295894
3298200
3300697
3302588
3302686
3303140
3304113
3306265
3308924
3312333
3314045
3314411
3314738
3316105
3321175
3322673
3322809
3322935
3325713
3325926
3326888
3327179
3329798
3329922
3333171
3335665
3335741
3336546
3338298
3343113
3351490
3352467
3354649
3356549
3358432
3358568
3359485
3362831
3368521
3370368
3376121
3377565
3378570
3378589
3379827
3380135
3380234
3388019
3390025
3390197
3390652
3395680
3398673
3400220
3401006
3401525
3401883
3401936
3402236
3402260
3403307
3405323
3407280
3408162
3409951
3410322
3410323
3412508
3413615
3416808
3419026
3419353
3425301
3425402
3425454
3425575
3425759
3426917
3428300
3429864
3429992
3431170
3433154
3434641
3435538
3435786
3436072
3438610
3438638
3439223
3439429
3440355
3441825
3444245
3445864
3446905
3453306
3453758
3454128
3454713
3457442
3457718
3460727
3462679
3463242
3463635
3465222
3465593
3466897
3467821
3471954
3472388
3476768
3477696
3478866
3479955
3482024
3482989
3483263
3483780
3484794
3486145
3487533
3487887
3488029
3489461
3490865
3491023
3493646
3494985
3496379
3499040
3499935
3500097
3500311
3500405
3501811
3501966
3505871
3506229
3506733
3506857
3509225
3509445
3510454
3510850
3513519
3516178
3516823
3517498
3517604
3518565
3519108
3521842
3526866
3528462
3529800
3531505
3531880
3535389
3536203
3541545
3541892
3543302
3544053
3544594
3545763
3547017
3557780
3558150
3561568
3562228
3570777
3571010
3572712
3572771
3573211
3574278
3574492
3578150
3579442
3582316
3584939
3586505
3588036
3590136
3592092
3592506
3593426
3597308
3598499
3598981
3599319
3605169
3605607
3610243
3614883
3620628
3624382
3624735
3625016
3625037
3626275
3628531
3629039
3630118
3630123
3630722
3637523
3637893
3638141
3638649
3640972
3650981
3651431
3653025
3653605
3655124
3655489
3655966
3656236
3656254
3656752
3660412
3661349
3665110
3665445
3669527
3678447
3679238
3682156
3691160
3692104
3692286
3692634
3692831
3698640
3699601
3703735
3704162
3707368
3710226
3710269
3713253
3715561
3716186
3716482
3718443
3718501
3718698
3721213
3721754
3722034
3722270
3723696
3724511
3725673
3731456
3732113
3733667
3734027
3734123
3734847
3735545
3735923
3736292
3737467
3742135
3745022
3745893
3747305
3748294
3748711
3750520
3751274
3752360
3754212
3756744
3758707
3760185
3763529
3764149
3766873
3769846
3771659
3771992
3779483
3780219
3781771
3781989
3783276
3783612
3784051
3786448
3788057
3788564
3788687
3788747
3788947
3789113
3789473
3792092
3794342
3795320
3797887
3800367
3802367
3802782
3804128
3807048
3808323
3808481
3809533
3813241
3813381
3813390
3813918
3816255
3819236
3819569
3820794
3820854
3821540
3822595
3824075
3826403
3827011
3827482
3830250
3830278
3830395
3831786
3832010
3834778
3836093
3836260
3837612
3838629
3841805
3844636
3844751
3845453
3845627
3845868
3851277
3851280
3853130
3853939
3856947
3862832
3863167
3863865
3864222
3864279
3864386
3865634
3866407
3867034
3867283
3869475
3871741
3872115
3873492
3874192
3875520
3877654
3878009
3879586
3882225
3885451
3887243
3891997
3896962
3903007
3904925
3906768
3908314
3909365
3911280
3914112
3914643
3916240
3918960
3921145
3921236
3921476
3922201
3928344
3930801
3932168
3933919
3938074
3938630
3938894
3940934
3941332
3941739
3946663
3946750
3946897
3948342
3949120
3955710
3957595
3961421
3964963
3967832
3969162
3969359
3971466
3971733
3972514
3974156
3976925
3977674
3978138
3978609
3985506
3989438
3993453
3994615
3995632
3998262
4002466
4002468
4003071
4003091
4003569
4003671
4004995
4007605
4008256
4010952
4012113
4013104
4014608
4019345
4019411
4019521
4019551
4021210
4022062
4022262
4023041
4023320
4024408
4031456
4031589
4035608
4035908
4036712
4037728
4040378
4041038
4043295
4049023
4049753
4051223
4052785
4056551
4062633
4063040
4065240
4065434
4065855
4066488
4069662
4072596
4073943
4075399
4076606
4077408
4077858
4081275
4082013
4082226
4086098
4087131
4088211
4088243
4089011
4095245
4096055
4097923
4100099
4101776
4102413
4102532
4105867
4106992
4107180
4108909
4109099
4109161
4113481
4114328
4115744
4117258
4117354
4117655
4119848
4120229
4121052
4122545
4122743
4128178
4128346
4129712
4131193
4132354
4135609
4135610
4135946
4137968
4139276
4147200
4150480
4154033
4154384
4158286
4161915
4166345
4174907
4175246
4175539
4175973
4176357
4176541
4177627
4177997
4179795
4186144
4186780
4190128
4190136
4190226
4191594
4196361
4196469
4196567
4196904
4199100
4199111
4201130
4203108
4210631
4211874
4211941
4216302
4219143
4219494
4222121
4222126
4223339
4225822
4228156
4228434
4228645
4229656
4232484
4232868
4235807
4236656
4240544
4241168
4242332
4244315
4247197
4248727
4252683
4253642
4253964
4255817
4257828
4259662
4267287
4269242
4270083
4270694
4271164
4273402
4274402
4274743
4276626
4277323
4278616
4279893
4280589
4284208
4284559
4285919
4286090
4286104
4288277
4292050
4294616
4297095
4297131
4300645
4303662
4304366
4305010
4305291
4310790
4311277
4312290
4313773
4316061
4317777
4319270
4320848
4321732
4330868
4333185
4333894
4335367
4339713
4340043
4342398
4342444
4343454
4345898
4347059
4347276
4352144
4354766
4355444
4361865
4362240
4365739
4366187
4366900
4367167
4368612
4371646
4379421
4381215
4381608
4382033
4382994
4383130
4384510
4385584
4386755
4387308
4387752
4388217
4391911
4394860
4399750
4400025
4402551
4404233
4406559
4407364
4409414
4411271
4413679
4416781
4418693
4419200
4419306
4419481
4419628
4420913
4423313
4428421
4429392
4430488
4430568
4430683
4432033
4433484
4433546
4434974
4435485
4442254
4443428
4444320
4445331
4445397
4446385
4446949
4450124
4451158
4453602
4454688
4457217
4457831
4458505
4459285
4462992
4464296
4464361
4465044
4466217
4473764
4476472
4476806
4477316
4479031
4479186
4479596
4480760
4481595
4482782
4485885
4486228
4487340
4491337
4492662
4495462
4495573
4498079
4506922
4509365
4511008
4511516
4514121
4519494
4522062
4522238
4523463
4527600
4529092
4530647
4531026
4534621
4535056
4539124
4539451
4539618
4540875
4542585
4545760
4546215
4549863
4555889
4559868
4564883
4565205
4565521
4566633
4567032
4568349
4568760
4569748
4573418
4574374
4576291
4579156
4580107
4581451
4582024
4585163
4587568
4590580
4592179
4592738
4592835
4594520
4596648
4596853
4596979
4597406
4603016
4603322
4603615
4604496
4605375
4611097
4611476
4612080
4612414
4614040
4619029
4620747
4621332
4622021
4622285
4623095
4624405
4626767
4632779
4632832
4639348
4640642
4641037
4644744
4648153
4648286
4649023
4649482
4655065
4657125
4658027
4661116
4664010
4664698
4667103
4667810
4668766
4669136
4674111
4674306
4674865
4675288
4675484
4677087
4677537
4677554
4677844
4679378
4683020
4684755
4684783
4686003
4687052
4690274
4690422
4691099
4691279
4694230
4695400
4695797
4696268
4696821
4696977
4698013
4699469
4701991
4703323
4703392
4704853
4705445
4707382
4707920
4710552
4710751
4713915
4714742
4714988
4718966
4720375
4722042
4723694
4726294
4726315
4726676
4728473
4732508
4735536
4737463
4738329
4740494
4741576
4745141
4745667
4748825
4749534
4751517
4753207
4753844
4757409
4758700
4758703
4760498
4763645
4763879
4764643
4764877
4765019
4765023
4765823
4766611
4767293
4768289
4770260
4770325
4771830
4774466
4775278
4776379
4778829
4779537
4780212
4780750
4784836
4786696
4786708
4787471
4787800
4787882
4793292
4796065
4796793
4800236
4803059
4804023
4805843
4806697
4808727
4812410
4813372
4815246
4820052
4822394
4823035
4823359
4823557
4823681
4830631
4830674
4831801
4832380
4832777
4833041
4833895
4836432
4836996
4837759
4838081
4838902
4840590
4841758
4843849
4847638
4847970
4848579
4850284
4850930
4854703
4855412
4856930
4859573
4859890
4860500
4862856
4866806
4870082
4872246
4873293
4873560
4874460
4874493
4880625
4881826
4884889
4885880
4888373
4889874
4891157
4893799
4896763
4898304
4898935
4900116
4900832
4906983
4907245
4908718
4912040
4912481
4913807
4913813
4914487
4914555
4915673
4916233
4916619
4917591
4918166
4919897
4920852
4923265
4923770
4924929
4930571
4933352
4934805
4934898
4935905
4936058
4936134
4941918
4944034
4944564
4945050
4945638
4945772
4946621
4949060
4949067
4956335
4956973
4958941
4962855
4973150
4973193
4974001
4974491
4974846
4974983
4975555
4975750
4983108
4983487
4984444
4985448
4985666
4985821
4985983
4990385
4991733
4991850
4992093
5000387
5001833
5003110
5004333
5005237
5006632
5007584
5011758
5017935
5018517
5018680
5020228
5020238
5021853
5026371
5026387
5026523
5027927
5030221
5030292
5030728
5031552
5032341
5032607
5035082
5035301
5035485
5036213
5041948
5046274
5048816
5056624
5056946
5057375
5059781
5064007
5064130
5064366
5064846
5066818
5067822
5068051
5068296
5069549
5069764
5070051
5071819
5072349
5073219
5074152
5075192
5080051
5083901
5087817
5088692
5089856
5090710
5095337
5097204
5100643
5102450
5109927
5115099
5116372
5118251
5118519
5119333
5121249
5121905
5122522
5126103
5131580
5131985
5132446
5133729
5134432
5135011
5135492
5136139
5136594
5137322
5138524
5140269
5140973
5142709
5143450
5144293
5145841
5147038
5148342
5153593
5154609
5155281
5158895
5164056
5164827
5165190
5167316
5170085
5171962
5173410
5173838
5174641
5174645
5176199
5176348
5177257
5179636
5181005
5182365
5182734
5183164
5185125
5188498
5192302
5192955
5194708
5196581
5196712
5196938
5198088
5198416
5199964
5200230
5206683
5207047
5207546
5208447
5212079
5213825
5215072
5215303
5216874
5217372
5218633
5220389
5223853
5224318
5225352
5226669
5227069
5228534
5228895
5230075
5231254
5234246
5235552
5235553
5236242
5238695
5240951
5242641
5244566
5245299
5246045
5246487
5246777
5248346
5254730
5255630
5255922
5257951
5257988
5258210
5260101
5261522
5262904
5266312
5266725
5267050
5267567
5269135
5273727
5277607
5278337
5278569
5282273
5282549
5282557
5282906
5283478
5285155
5285203
5285623
5286652
5288694
5289604
5291076
5291904
5292615
5300171
5301174
5301621
5302508
5303301
5303463
5303947
5304995
5307382
5308856
5314024
5315433
5315437
5316632
5319531
5322498
5324673
5330939
5334650
5335970
5338130
5339966
5339970
5341485
5341841
5348123
5350227
5352076
5353128
5354004
5357290
5358384
5360548
5361854
5362432
5362982
5366929
5366975
5367191
5367316
5368857
5370272
5374461
5374469
5376679
5379643
5380828
5380861
5383363
5391841
5393919
5402323
5402713
5403106
5404003
5404897
5405794
5405996
5407519
5410975
5411088
5412639
5412870
5415224
5415344
5418324
5419036
5421346
5422561
5426358
5426561
5426908
5432186
5433775
5435064
5435739
5443807
5445653
5445775
5447060
5447497
5448128
5448442
5450811
5451670
5451692
5452997
5456005
5458209
5460499
5461017
5461095
5462270
5463559
5463762
5464037
5464610
5472198
5476721
5476774
5477679
5478423
5478771
5481533
5481988
5483146
5483971
5487317
5488548
5494818
5495487
5499197
5501112
5502668
5503740
5509371
5509862
5511779
5519125
5519801
5520723
5521392
5523665
5524049
5524615
5526452
5528962
5530237
5536444
5536614
5537313
5538353
5539262
5540992
5547889
5548525
5549175
5552394
5556387
5556724
5558016
5559103
5559434
5560897
5564703
5566479
5566567
5568079
5568207
5570144
5570771
5571025
5571189
5572919
5573724
5576000
5576857
5577849
5581978
5582397
5583191
5583303
5586888
5587143
5588602
5595803
5596099
5598299
5602719
5606361
5606432
5606820
5608205
5608920
5610179
5610252
5610349
5611784
5612279
5613700
5617073
5617661
5619988
5624311
5625328
5626163
5627299
5629564
5630668
5634165
5638439
5638656
5640165
5654716
5657114
5662786
5663508
5665418
5667110
5669166
5669242
5669261
5669782
5669829
5670401
5670915
5675247
5676040
5676382
5677590
5677868
5678283
5678775
5679359
5681324
5684351
5684636
5685822
5686194
5687976
5691762
5692736
5693397
5694270
5694628
5695492
5698084
5699510
5700084
5700479
5702956
5703745
5707589
5707863
5711618
5713963
5714210
5714547
5717408
5718472
5720485
5722240
5722510
5722824
5725829
5728813
5729703
5730759
5731808
5733094
5735774
5737296
5739384
5739787
5739829
5747992
5749964
5750130
5751267
5752435
5754017
5754897
5755079
5757290
5759021
5761726
5765138
5766146
5766419
5766731
5766787
5767314
5769782
5771529
5772871
5772957
5775052
5778964
5781926
5782422
5782789
5782835
5786107
5788314
5788871
5790024
5790384
5790547
5791542
5794310
5795658
5796325
5796947
5798130
5798334
5805031
5805860
5809810
5815242
5815655
5816372
5817567
5817685
5817967
5820477
5822224
5823435
5823509
5824361
5826283
5826594
5831739
5832913
5833692
5834028
5834671
5839463
5839736
5840139
5847486
5847912
5848246
5849345
5849423
5849819
5850114
5850665
5850847
5852861
5858516
5859820
5861948
5863584
5863607
5866917
5871234
5875554
5876758
5876939
5880179
5881492
5884006
5884626
5885728
5889282
5891585
5891759
5892146
5893011
5894453
5895047
5896135
5896179
5897332
5897730
5899049
5902618
5902917
5905574
5911284
5913894
5915861
5916000
5918321
5918499
5918664
5922908
5925425
5927172
5929256
5931515
5932195
5932886
5936646
5937481
5937771
5939091
5939592
5941831
5946031
5947100
5949528
5951598
5952239
5952800
5954076
5955778
5957007
5957262
5957441
5958496
5962295
5962788
5963916
5964880
5964947
5965647
5966705
5968813
5970892
5973779
5976308
5978461
5980898
5981398
5981647
5981744
5981776
5982545
5983710
5983755
5984161
5984650
5990189
5993541
5995705
5996009
5998733
5999902
6000820
6001042
6002288
6004204
6006059
6006630
6007233
6009930
6009959
6011361
6014378
6016772
6017235
6017238
6017923
6018294
6020452
6020820
6023140
6025259
6027215
6028200
6029477
6034191
6036067
6037075
6037389
6038430
6039685
6041251
6044962
6046768
6056277
6056823
6057538
6058025
6066416
6068379
6068950
6071104
6071779
6072132
6073742
6074146
6074372
6074466
6074643
6076473
6081016
6084737
6085971
6086325
6086831
6087055
6087068
6087886
6088801
6088915
6090527
6092394
6094863
6096492
6099539
6103183
6104000
6107014
6110036
6117299
6117844
6118754
6119009
6119148
6120169
6121341
6121409
6127305
6129363
6129568
6131239
6131600
6139031
6139420
6142587
6142645
6143000
6143006
6146525
6151002
6151204
6151482
6151792
6153401
6156396
6161135
6164082
6164105
6165077
6166844
6169719
6170903
6171427
6171681
6175061
6175075
6176261
6177581
6178964
6180064
6181214
6183036
6183401
6184076
6184560
6185405
6192414
6204881
6205139
6205203
6206301
6209979
6212130
6214113
6214668
6218396
6218772
6220004
6224172
6226587
6226932
6227742
6228099
6235155
6236536
6236804
6237558
6240603
6243870
6244453
6247790
6248396
6251185
6251349
6253707
6257499
6258585
6260597
6261866
6265316
6266616
6269199
6269966
6270657
6271238
6271564
6274486
6275102
6277448
6278046
6278466
6279419
6280628
6282189
6283542
6288801
6288922
6292806
6293367
6295445
6296448
6298053
6298353
6298532
6298627
6302735
6303492
6303830
6304337
6306236
6306899
6307193
6308989
6310984
6319297
6320899
6322682
6324120
6324198
6324213
6325190
6325448
6326438
6328714
6330047
6330613
6330786
6331782
6331831
6331911
6336510
6336641
6337702
6337781
6340022
6341586
6342271
6348232
6351678
6355941
6363520
6364142
6364567
6364971
6365839
6365952
6368602
6368822
6371216
6373721
6375723
6382589
6382951
6384306
6384374
6384573
6391226
6394163
6395080
6395683
6396287
6399638
6400204
6400275
6401741
6401783
6404084
6406967
6409537
6410322
6413261
6413448
6413496
6414790
6414972
6415842
6418020
6418498
6420182
6422782
6425468
6427090
6427758
6431551
6431819
6432196
6433198
6433216
6435075
6437413
6439038
6439261
6440005
6442302
6442878
6444355
6446263
6449974
6451951
6452627
6454000
6454282
6457131
6460784
6461902
6462627
6463563
6463890
6464722
6472019
6473188
6474814
6479824
6481781
6481792
6482421
6484112
6484583
6485976
6487645
6488470
6490259
6492239
6492881
6495830
6496725
6498054
6500164
6500824
6501320
6502345
6503506
6506620
6506655
6506806
6511061
6512316
6515742
6516614
6517911
6520841
6522686
6527178
6529986
6531121
6532813
6542038
6544320
6549570
6552040
6553409
6554882
6556529
6558923
6559340
6559648
6562958
6564791
6566233
6570556
6571828
6572064
6575644
6575837
6577494
6578951
6581280
6581976
6583578
6583810
6585573
6587239
6587264
6587736
6589264
6590496
6590719
6590912
6591220
6593157
6593712
6595907
6596337
6601050
6601745
6602243
6603197
6604665
6604770
6607866
6608516
6619483
6619683
6619902
6621310
6622852
6623560
6624416
6627232
6628275
6628783
6628821
6632332
6633147
6635279
6635945
6636905
6637013
6638677
6641688
6644971
6645522
6645917
6647626
6650248
6651739
6654072
6654599
6654871
6656279
6656380
6658355
6661061
6661769
6664129
6667378
6668311
6676891
6678068
6679140
6681525
6681591
6681705
6682688
6682905
6682953
6683568
6683863
6684039
6688664
6690144
6691600
6694712
6695160
6696619
6696747
6697099
6701462
6701877
6704559
6709540
6710855
6713714
6713923
6714220
6716080
6716621
6716877
6717702
6718071
6719673
6720091
6720715
6722737
6728239
6732604
6733241
6735773
6738263
6738965
6740619
6740835
6742050
6745303
6748257
6751236
6752204
6752554
6758319
6759432
6760208
6762461
6762785
6762888
6765335
6766856
6768947
6770249
6773814
6774459
6775513
6776926
6779672
6782729
6783789
6784905
6787203
6787694
6788483
6789300
6791132
6791582
6792397
6792587
6797763
6798210
6800694
6801500
6803594
6804328
6805321
6805352
6808122
6809888
6811439
6812927
6813537
6815267
6815456
6816559
6818953
6820866
6821228
6823066
6824020
6828108
6830846
6832429
6833694
6835719
6836153
6836643
6841134
6847875
6850645
6851133
6851520
6853258
6854760
6855729
6855819
6859037
6866799
6867215
6868691
6869035
6872744
6873340
6874414
6875743
6876848
6882908
6883929
6885091
6886514
6888761
6888901
6891373
6892095
6900123
6902082
6902915
6903231
6905992
6906497
6907660
6908591
6909330
6909371
6909438
6910183
6910363
6911884
6916004
6917772
6917948
6919355
6919903
6921182
6921312
6921412
6925439
6925608
6928313
6928423
6928650
6931302
6931756
6932050
6934586
6934890
6937447
6940646
6942263
6943450
6945113
6946393
6947269
6948064
6948500
6950514
6952385
6953772
6954787
6956365
6961335
6962098
6965590
6966264
6967561
6967633
6969743
6969975
6972224
6976024
6976066
6976656
6976773
6977113
6978744
6979061
6980624
6984083
6984310
6987714
6988022
6989396
6990622
6992473
6994015
6994138
6996737
7001337
7002815
7003997
7004177
7004824
7005778
7006527
7007001
7008811
7010756
7012165
7012703
7013333
7013710
7016851
7018075
7022036
7030096
7031834
7032579
7035540
7036556
7037776
7042213
7044022
7045194
7045320
7045490
7045609
7045612
7049402
7050310
7050666
7051385
7052763
7056609
7060992
7063542
7066636
7067658
7067832
7069836
7074675
7076477
7078183
7078285
7079032
7079683
7080658
7081782
7082712
7085124
7085197
7085378
7086075
7086532
7088000
7089565
7093725
7093790
7095850
7096666
7100339
7105126
7107393
7108254
7110721
7111460
7112149
7112843
7112941
7113114
7113193
7115186
7117170
7118986
7119450
7120276
7121201
7121523
7122436
7126092
7126938
7128341
7130321
7132539
7132556
7132557
7133219
7134711
7135884
7137279
7142920
7143145
7144478
7149514
7149612
7150679
7150686
7152381
7153816
7154689
7157385
7157642
7158148
7159949
7160047
7161529
7163570
7165512
7166099
7167639
7170079
7171170
7174886
7175068
7177645
7178321
7181814
7182843
7183816
7184408
7184712
7185386
7186310
7186972
7188126
7193916
7194534
7195131
7195730
7197772
7203107
7204460
7207357
7209710
7209823
7212315
7212661
7213741
7215237
7216131
7218506
7218648
7219083
7220745
7225220
7226349
7231598
7231917
7233474
7234228
7234343
7234534
7239832
7241791
7242881
7243776
7246861
7246973
7248894
7249329
7249359
7249849
7250037
7251465
7252155
7252185
7253366
7254168
7256229
7256740
7258946
7259774
7262748
7263638
7268409
7269658
7272341
7272974
7276984
7278996
7279071
7279872
7280571
7280838
7281968
7282894
7282944
7284243
7287020
7288192
7291705
7294177
7295194
7295496
7296883
7298170
7301639
7305542
7306302
7309102
7312250
7313261
7313780
7316063
7316540
7316942
7317365
7318404
7318871
7319259
7322798
7324740
7324799
7328880
7332226
7332774
7334261
7334447
7335638
7336806
7340685
7340966
7341073
7341548
7341936
7343585
7343777
7344706
7347898
7348527
7349218
7350295
7350987
7352975
7355980
7356345
7356563
7356621
7358452
7359148
7360670
7363360
7363937
7364690
7365786
7365818
7366952
7367930
7371762
7372154
7373146
7373165
7379018
7379515
7380568
7382644
7383849
7386952
7387790
7391029
7395096
7395930
7396463
7396830
7397047
7398137
7398791
7399956
7401255
7401310
7402958
7403839
7403966
7404547
7405162
7405260
7405282
7406097
7406403
7406604
7411628
7412333
7412865
7413581
7414237
7415117
7417420
7418459
7419847
7421264
7421614
7422217
7422286
7423262
7423693
7425120
7426019
7427137
7428945
7428987
7429062
7429384
7429969
7429992
7432965
7433818
7434160
7436536
7436874
7437215
7438749
7444163
7446398
7447324
7450140
7451534
7452833
7452858
7453599
7454155
7457360
7458163
7460139
7464946
7465427
7466754
7466987
7467730
7467962
7470746
7474506
7478501
7479866
7481959
7482214
7482434
7483238
7484250
7484534
7486237
7489532
7491484
7493151
7493160
7497115
7497220
7497580
7498970
7500290
7501406
7502094
7506936
7507095
7508774
7508795
7509070
7509179
7511358
7512494
7512592
7513133
7513294
7513972
7514282
7515194
7515364
7515581
7515798
7518136
7520331
7520919
7522006
7526179
7526322
7528074
7528952
7534383
7534506
7535985
7536287
7537958
7538631
7539739
7539857
7540597
7541092
7543980
7544714
7548285
7551320
7555739
7555843
7556072
7557016
7559714
7561017
7566071
7567597
7568956
7570341
7570640
7575464
7576344
7576469
7576988
7578339
7578832
7579498
7580105
7584925
7586177
7588999
7589816
7591577
7591728
7593915
7594139
7596282
7597564
7600058
7602365
7604660
7604790
7607786
7608986
7609182
7609249
7609564
7613552
7614780
7616269
7616647
7616758
7618134
7620165
7623500
7624442
7624728
7625090
7625698
7626266
7626891
7632482
7633359
7635265
7636135
7638321
7641389
7641459
7642162
7643066
7645115
7645796
7646384
7649035
7649687
7653370
7653534
7654094
7654290
7655680
7655693
7656564
7656724
7657322
7663984
7664627
7668694
7669162
7670097
7671138
7676776
7678481
7679752
7682106
7686308
7686356
7688509
7688958
7690976
7693641
7695495
7697579
7698043
7698442
7700276
7703514
7708696
7711342
7716135
7716781
7716850
7717833
7717952
7719627
7724152
7725469
7727176
7727210
7728882
7735916
7736487
7736834
7738303
7738600
7738897
7745634
7746355
7747459
7751438
7752095
7754426
7755972
7756215
7757360
7757602
7758615
7758819
7759247
7762278
7762987
7765002
7766167
7768658
7772814
7773497
7776590
7778070
7778665
7779335
7779682
7779756
7780385
7781624
7783100
7783960
7789665
7791666
7792402
7792537
7799177
7800391
7802661
7802695
7804136
7804997
7806649
7806692
7808399
7808508
7809899
7811257
7812131
7813124
7813882
7814449
7815776
7821603
7821717
7822842
7826094
7829450
7829737
7831280
7832206
7832686
7833354
7834745
7837185
7838281
7843504
7844083
7844372
7845308
7846896
7849364
7851872
7852781
7853599
7854842
7854879
7856492
7856874
7857264
7859992
7860485
7866926
7867552
7869513
7878014
7878219
7879726
7880655
7881760
7883247
7883366
7884023
7884215
7885045
7885360
7891228
7897056
7899440
7899447
7901410
7904713
7907462
7907592
7909713
7913843
7914710
7915866
7917210
7917365
7917618
7918164
7918263
7918285
7918304
7919379
7922625
7922679
7922691
7934285
7935440
7935753
7938530
7938816
7939112
7939238
7939249
7939563
7944857
7948117
8167117
8168738
8174632
8174633
8174645
8174651
8184761
8258704
8258708
8258750
8258754
8258763
8258767
8258799
8258815
8258824
8258829
8258861
8258883
8258919
8258949
8259030
8259033
8259069
8259075
8259296
8259371
8259459
8259714
8259717
8259888
8259956
8259957
8260225
8260288
8260381
8260480
8260498
8260509
8260521
8260523
8260525
8260532
8260539
8260541
8260548
8260551
8260567
8260632
8260646
8260698
8260707
8260731
8260774
8260776
8260789
8260845
8260879
8260908
8260922
8260924
8260929
8260937
8260951
8260955
8260979
8261004
8261145
8261163
8261430
8261453
8261540
8261632
8261648
8261694
8261747
8261758
8261772
8261808
8262047
8262082
8262133
8262284
8262571
8262625
8262631
8262638
8262642
8262660
8262671
8262672
8262673
8262682
8262683
8262686
8262687
8262695
8262704
8262725
8262739
8262740
8262759
8262795
8262809
8262835
8262892
8262893
8262902
8262927
8262936
8262972
8262976
8262977
8262987
8263000
8263075
8263082
8263107
8263108
8263119
8263179
8263239
8263457
8263669
8263683
8263701
8263707
8263790
8263937
8264131
8264182
8264215
8264390
8264530
8264671
8264694
8264703
8264780
8264825
8264957
8265042
8265212
8265219
8265223
8265233
8265234
8265241
8265242
8265255
8265284
8265318
8265371
8265400
8265402
8265421
8265422
8265464
8265473
8265478
8265496
8265507
8265529
8265533
8265572
8265635
8265717
8265726
8265736
8265751
8265760
8265858
8265862
8265866
8266003
8266009
8266016
8266019
8266026
8266034
8266041
8266432
8266516
8266611
8266616
8266861
8266933
8266946
8267015
8267089
8267112
8267140
8267226
8267253
8267287
8267334
8267626
8267775
8267801
8267832
8267847
8267872
8267884
8267930
8268053
8268453
8268565
8268636
8268748
8268766
8268959
8268977
8269066
8269079
8269083
8269128
8269130
8269150
8269201
8269225
8269238
8269243
8269284
8269315
8269320
8269389
8269488
8269527
8269541
8269564
8269591
8269673
8269756
8269852
8269899
8269908
8269909
8269930
8269939
8269964
8269967
8270034
8270114
8270608
8270886
8271253
8271307
8271342
8271380
8271479
8271487
8271829
8271916
8271972
8272060
8272063
8272103
8272144
8272329
8272449
8272479
8272481
8272491
8272524
8272779
8272960
8272970
8272985
8273000
8273061
8273066
8273086
8273163
8273185
8273295
8273446
8273530
8273534
8273643
8273826
8273847
8273861
8273866
8273875
8273876
8273885
8273886
8273902
8273910
8273917
8273943
8273949
8273952
8274015
8274025
8274036
8274072
8274087
8274100
8274102
8274145
8274155
8274165
8274172
8274197
8274210
8274227
8274254
8274262
8274279
8274289
8274313
8274321
8274323
8274324
8274328
8274416
8274422
8274426
8274471
8274472
8274494
8274499
8274508
8274509
8274549
8274561
8274693
8274699
8274707
8274709
8274712
8274740
8274741
8274745
8274751
8274752
8274759
8274776
8274778
8274815
8274876
8274971
8275068
8275339
8275342
8275358
8275385
8275393
8275402
8275423
8275550
8275568
8275616
8275724
8275827
8275867
8275873
8275874
8275901
8275926
8275943
8275970
8276061
8276107
8276113
8276128
8276131
8276333
8276449
8276622
8276673
8276704
8276759
8276796
8276830
8276905
8277100
8277123
8277136
8277169
8277186
8277224
8277227
8277268
8277428
8277615
8277661
8277664
8277874
8277910
8278026
8278070
8278084
8278139
8278167
8278178
8278181
8278205
8278206
8278213
8278215
8278223
8278224
8278240
8278254
8278274
8278293
8278384
8278432
8278449
8278523
8278554
8278591
8278868
8279051
8279206
8279260
8279271
8279443
8279519
8279525
8279528
8279581
8279585
8279592
8279612
8279850
8279926
8279930
8280151
8280180
8280250
8280299
8280317
8280338
8280344
8280357
8280386
8280449
8280482
8280493
8280557
8280600
8280603
8280627
8280632
8280654
8280740
8280755
8280817
8280844
8280847
8280851
8280860
8280861
8280873
8280898
8280899
8280982
8281360
8281369
8281437
8281543
8281753
8281773
8281929
8281974
8282043
8282236
8282237
8282306
8282334
8282609
8282805
8282817
8282840
8282873
8283072
8283131
8283179
8283215
8283220
8283229
8283285
8283317
8283330
8283337
8283367
8283382
8283415
8283432
8283481
8283532
8283549
8283555
8283590
8283645
8283678
8283707
8283820
8283863
8283865
8283873
8283877
8283888
8283895
8283896
8283901
8283968
8284003
8284004
8284023
8284148
8284152
8284185
8284309
8284402
8284559
8284599
8284620
8284695
8284989
8285012
8285242
8285292
8285293
8285294
8285472
8285672
8285747
8285992
8286154
8286161
8286165
8286193
8286251
8286291
8286357
8286432
8286526
8286636
8286673
8286681
8286699
8286706
8286712
8286739
8286927
8287079
8287117
8287129
8287131
8287145
8287179
8287180
8287181
8287187
8287251
8287291
8287298
8287312
8287349
8287370
8287378
8287391
8287394
8287415
8287435
8287514
8287569
8287643
8287651
8287808
8287842
8287983
8287985
8287997
8288013
8288021
8288038
8288054
8288144
8288198
8288289
8288549
8289261
8289312
8289368
8289405
8289462
8289564
8289598
8289872
8290135
8290343
8290361
8290450
8290514
8290545
8290577
8290597
8290649
8290654
8290722
8290794
8290880
8290922
8290923
8290961
8291094
8291174
8291192
8291253
8291289
8291294
8291322
8291351
8291355
8291412
8291420
8291458
8291479
8291644
8291645
8291756
8291880
8291960
8292074
8292084
8292128
8292154
8292157
8292184
8292318
8292326
8292443
8292445
8292452
8292464
8292599
8292777
8292841
8292860
8293053
8293074
8293256
8293462
8293588
8293667
8293761
8293767
8293780
8293805
8293809
8293811
8293816
8293820
8293843
8293880
8293957
8294025
8294031
8294052
8294085
8294147
8294165
8294166
8294171
8294172
8294177
8294182
8294193
8294229
8294291
8294468
8294488
8294498
8294510
8294559
8294746
8294766
8294788
8294819
8294850
8295023
8295044
8295188
8295260
8295349
8295384
8295414
8295419
8295422
8295424
8295426
8295438
8295450
8295470
8295480
8295485
8295495
8295513
8295606
8295735
8295744
8295759
8295763
8295779
8295787
8295817
8295834
8295868
8295880
8295882
8295884
8295885
8295960
8296125
8296148
8296328
8296343
8296385
8296423
8296542
8296568
8296651
8296667
8296698
8296733
8296880
8296927
8296975
8296983
8296988
8296998
8297008
8297027
8297042
8297043
8297068
8297083
8297122
8297144
8297158
8297206
8297207
8297223
8297224
8297251
8297332
8297362
8297364
8297369
8297394
8297415
8297426
8297438
8297451
8297487
8297495
8297511
8297626
8297629
8297680
8297682
8297690
8297691
8297694
8297702
8297712
8297716
8297812
8297821
8297833
8297922
8297951
8298221
8298261
8298334
8298379
8298456
8298851
8298963
8299014
8299056
8299205
8299243
8299451
8299586
8299634
8299636
8299653
8299654
8299659
8299660
8299670
8299678
8299680
8299686
8299742
8299744
8299759
8299765
8299792
8299827
8299849
8299851
8299853
8299897
8299908
8299914
8299920
8299929
8299947
8299961
8299967
8299991
8299993
8300014
8300015
8300018
8300020
8300023
8300024
8300052
8300099
8300104
8300110
8300118
8300130
8300178
8300219
8300221
8300268
8300271
8300325
8300357
8300362
8300377
8300390
8300392
8300419
8300448
8300450
8300503
8300513
8300527
8300595
8300661
8300716
8300722
8300734
8300759
8300879
8300886
8300892
8300929
8300937
8300950
8300958
8300999
8301072
8301152
8301181
8301182
8301187
8301235
8301306
8301312
8301340
8301343
8301348
8301371
8301382
8301393
8301408
8301430
8301432
8301448
8301465
8301473
8301477
8301502
8301509
8301514
8301544
8301559
8301633
8301649
8301678
8301679
8301741
8301752
8301813
8301822
8301849
8301870
8301895
8301911
8301927
8301945
8301968
8302013
8302090
8302108
8302219
8302272
8302277
8302290
8302299
8302306
8302350
8302423
8302439
8302464
8302493
8302588
8302637
8302968
8303124
8303254
8303421
8303589
8303797
8303868
8303887
8303917
8303970
8304059
8304074
8304084
8304129
8304227
8304316
8304360
8304380
8304525
8304662
8304865
8304907
8304928
8304948
8304956
8305390
8305391
8305397
8305419
8305424
8305456
8305486
8305503
8305504
8305722
8305762
8306005
8306049
8306061
8306083
8306084
8306169
8306278
8306297
8306348
8306479
8306514
8306547
8306563
8306564
8306568
8306580
8306584
8306602
8306621
8306633
8306642
8306684
8306700
8306745
8306763
8306764
8306765
8306774
8306779
8306792
8307219
8307556
8307761
8307770
8307812
8307814
8307816
8307817
8307826
8307829
8307844
8307927
8307942
8307946
8307949
8307955
8308018
8308021
8308034
8308043
8308051
8308056
8308087
8308134
8308153
8308173
8308201
8308302
8308331
8308555
8308674
8308770
8308860
8309040
8309132
8309141
8309258
8309322
8309365
8309368
8309369
8309372
8309389
8309431
8309434
8309435
8309466
8309478
8309611
8309678
8309718
8309728
8309743
8309745
8309757
8309770
8309872
8309892
8309936
8309948
8309955
8309987
8309999
8310020
8310028
8310037
8310058
8310078
8310079
8310083
8310086
8310095
8310097
8310102
8310107
8310160
8310171
8310181
8310187
8310214
8310254
8310288
8310290
8310291
8310335
8310342
8310352
8310373
8310377
8310383
8310421
8310444
8310450
8310458
8310462
8310466
8310514
8310572
8310582
8310590
8310600
8310724
8310865
8310899
8311025
8311202
8311348
8311445
8311492
8311757
8311788
8311832
8311836
8311837
8311872
8311915
8311937
8311942
8311949
8311972
8311992
8312032
8312044
8312058
8312062
8312069
8312092
8312100
8312125
8312141
8312170
8312177
8312225
8312248
8312264
8312271
8312284
8312294
8312295
8312341
8312416
8312533
8312547
8312550
8312551
8312595
8312739
8312814
8312819
8312850
8313004
8313048
8313054
8313113
8313135
8313160
8313178
8313451
8313646
8313749
8313796
8313816
8313977
8314018
8314082
8314126
8314134
8314143
8314144
8314157
8314165
8314167
8314168
8314171
8314173
8314178
8314179
8314242
8314250
8314261
8314262
8314276
8314282
8314289
8314305
8314348
8314371
8314444
8314485
8314494
8314509
8314554
8314565
8314575
8314597
8314598
8314609
8314617
8314621
8314635
8314637
8314722
8314780
8314783
8314859
8314879
8314923
8314952
8314954
8314960
8314963
8314980
8315000
8315110
8315154
8315233
8315531
8315734
8315820
8315829
8316136
8316151
8316178
8316236
8316295
8316326
8316503
8316590
8316603
8316659
8316712
8316845
8317006
8317088
8317144
8317161
8317173
8317179
8317182
8317188
8317192
8317263
8317268
8317281
8317333
8317357
8317372
8317394
8317401
8317502
8317539
8317545
8317557
8317589
8317602
8317617
8317619
8317667
8317678
8317718
8317895
8317906
8317911
8317919
8317975
8318090
8318144
8318166
8318201
8318338
8318450
8318565
8318613
8318633
8318717
8318753
8318775
8318781
8318801
8318822
8318866
8318895
8318928
8319109
8319219
8319225
8319228
8319271
8319275
8319304
8319348
8319380
8319382
8319384
8319408
8319416
8319426
8319474
8319475
8319501
8319514
8319554
8319557
8319587
8319614
8319628
8319634
8319662
8319667
8319673
8319676
8319677
8319680
8319688
8319696
8319710
8319740
8319762
8319839
8319844
8319860
8319880
8319991
8320029
8320089
8320203
8320205
8320215
8320216
8320217
8320222
8320228
8320233
8320243
8320266
8320273
8320284
8320292
8320354
8320390
8320404
8320408
8320410
8320429
8320585
8320672
8320714
8320877
8320880
8320957
8321007
8321051
8321136
8321352
8321375
8321424
8321433
8321456
8321483
8321492
8321549
8321627
8322060
8322061
8322077
8322136
8322203
8322349
8322359
8322407
8322535
8322578
8322663
8322710
8322841
8322849
8322850
8322921
8322941
8322988
8322993
8322997
8323019
8323024
8323030
8323036
8323087
8323102
8323105
8323116
8323117
8323137
8323258
8323364
8323413
8323529
8323680
8323822
8324043
8324088
8324089
8324090
8324094
8324095
8324107
8324161
8324182
8324247
8324266
8324290
8324295
8324305
8324335
8324342
8324367
8324398
8324402
8324423
8324426
8324428
8324464
8324553
8324614
8324676
8324706
8324856
8324857
8324921
8325038
8325049
8325052
8325396
8325548
8325803
8325840
8325879
8325883
8325890
8325981
8325983
8325993
8326004
8326006
8326042
8326164
8326213
8326222
8326247
8326251
8326354
8326392
8326405
8326407
8326418
8326429
8326432
8326503
8326651
8326877
8326915
8326923
8326959
8327074
8327100
8327296
8327460
8327502
8327579
8327587
8327654
8327803
8327818
8327995
8328120
8328254
8328363
8328407
8328442
8328544
8328615
8328704
8328748
8328769
8328840
8329015
8329036
8329039
8329058
8329062
8329064
8329089
8329111
8329124
8329130
8329131
8329135
8329138
8329152
8329172
8329173
8329189
8329212
8329229
8329309
8329335
8329365
8329386
8329416
8329444
8329511
8329517
8329538
8329562
8329569
8329590
8329624
8329694
8329695
8329708
8329709
8329719
8329745
8329755
8329761
8329771
8329784
8329800
8329920
8329977
8330000
8330116
8330219
8330282
8330424
8330598
8330620
8330663
8330773
8330789
8331050
8331105
8331190
8331191
8331237
8331416
8331457
8331477
8331515
8331530
8331556
8331640
8331670
8331742
8331799
8331846
8331922
8331951
8331959
8331985
8332000
8332015
8332024
8332050
8332083
8332132
8332155
8332165
8332187
8332203
8332214
8332304
8332308
8332368
8332415
8332455
8332484
8332500
8332503
8332517
8332551
8332554
8332561
8332570
8332590
8332668
8332701
8332760
8332773
8332775
8332801
8332830
8332880
8332889
8332891
8332980
8333030
8333038
8333045
8333187
8333194
8333395
8333398
8333830
8333844
8334039
8334065
8334125
8334148
8334201
8334272
8334380
8334396
8334512
8334524
8334677
8334838
8334869
8334965
9188432
9188439
9188442
9188654
9188657
9188777
9188850
9188917
9188950
9188981
9189028
9189051
9189052
9189072
9189117
9189272
9189303
9189318
9189367
9189494
9189658
9190630
9191196
9191199
9191777
9191880
9192016
9192517
9192795
9193035
9194491
9195211
9195598
9211862
9214848
9215431
9219897
9223561
9225232
9225289
9228061
9228280
9228479
9230549
9243397
9243489
9243518
9243565
9243602
9243606
9243725
9243743
9244071
9244298
9244309
9244384
9244429
9244517
9244564
9244581
9244585
9244599
9244653
9244662
9244687
9244696
9244748
9244944
9244945
9244959
9244963
9245104
9245108
9245306
9245337
9245341
9245519
9245560
9245582
9245702
9245989
9246217
9246309
9247354
9249388
9249509
9250257
9250293
9250298
9251246
9251298
9252467
9334243
9334269
9334329
9337600
9338671
9338724
9338779
9339027
9339680
9340683
9340765
9340971
9341495
9341879
9341951
9342560
9342570
9342627
9342748
9342800
9342805
9342860
9345434
9346820
9347316
9347373
9347463
9347483
9347919
9347965
9348130
9348285
9348507
9349440
9349441
9349497
9349498
9349590
9349594
9349716
9349747
9349935
9349986
9350875
9350941
9350943
9350955
9351064
9351109
9351149
9352788
9353455
9353741
9353896
9354453
9354493
9355489
9355934
9356689
9356925
9356959
9357076
9357078
9357184
9357360
9357591
9357689
9357739
9360785
9361309
9361420
9361862
9361995
9362460
9362554
9362585
9362666
9363334
9363500
9363714
9363859
9363860
9364008
9364158
9368335
9369046
9370905
9371026
9371108
9371309
9371333
9371340
9373066
9373367
9373399
9373426
9373515
9375503
9375528
9376059
9376316
9376398
9377427
9377931
9378357
9378578
9378819
9379034
9379085
9379474
9379497
9379569
9379591
9379884
9380546
9380745
9380799
9380952
9381274
9381377
9381530
9381786
9381925
9382031
9382168
9384075
9384078
9384130
9385070
9385226
9385380
9385451
9385485
9385508
9385584
9385593
9385649
9385667
9385702
9385960
9386004
9386028
9386097
9386294
9386325
9386469
9386715
9386791
9386902
9386990
9387092
9387296
9387561
9387589
9387708
9387738
9387800
9388784
9388834
9388846
9388994
9389028
9389095
9389447
9389779
9389802
9389920
9389929
9390155
9390287
9390388
9390578
9390579
9390641
9390923
9390927
9390994
9391406
9391483
9391648
9391747
9391929
9392141
9392619
9392920
9392985
9393121
9393266
9393295
9393481
9393682
9393694
9394121
9394321
9394492
9397094
9397224
9397629
9398055
9398935
9398986
9399080
9399264
9399979
9400047
9400185
9401514
9401892
9401991
9402043
9402192
9402390
9402782
9402849
9404059
9404329
9404339
9404813
9405364
9405640
9408156
9408919
9409957
9411274
9412589
9413811
9414240
9415179
9415460
9418355
9420903
9420958
9420972
9421047
9421528
9421684
9421708
9422584
9422898
9422909
9423116
9423147
9423152
9423309
9423950
9423977
9424173
9424258
9424288
9424464
9424840
9424865
9424867
9424944
9425000
9425043
9425372
9425468
9425605
9425632
9425693
9426267
9426841
9427351
9428903
9429242
9429276
9429600
9429898
9430170
9431064
9431280
9431541
9431542
9431582
9431603
9431851
9434360
9435695
9438146
9439141
9439157
9441744
9442246
9442260
9443393
9443975
9443979
9444771
9445150
9445226
9446015
9446024
9446230
9446667
9447101
9448356
9449887
9451368
9451503
9452168
9452736
9453334
9453839
9453891
9454021
9454063
9454391
9454498
9454705
9454719
9454725
9454745
9454786
9454806
9454878
9454908
9454937
9454943
9454993
9455008
9455235
9455326
9455401
9455406
9455413
9455562
9455773
9455819
9455836
9455854
9455857
9455975
9456027
9456138
9456193
9456267
9456509
9456948
9456974
9457005
9457431
9457543
9457753
9457865
9458475
9458858
9459693
9460214
9460440
9460478
9460491
9460532
9460535
9460636
9460645
9460730
9460791
9460949
9461453
9461527
9461538
9461599
9462105
9462609
9462848
9463090
9463185
9463207
9463602
9463647
9463667
9463676
9464608
9464985
9465408
9465545
9467967
9468193
9468420
9469008
9469324
9470022
9470388
9470504
9470838
9472741
9472764
9472998
9473144
9473728
9475646
9475701
9476028
9476132
9476193
9476258
9476514
9476646
9478491
9478723
9479014
9479153
9479203
9479211
9479543
9480173
9481851
9481930
9482074
9482083
9482147
9482371
9482419
9482743
9482968
9483120
9483248
9483335
9483452
9483688
9484073
9484169
9484198
9484208
9484214
9484347
9484352
9484382
9484498
9484644
9484747
9484957
9485080
9485721
9486145
9486154
9486257
9486358
9486372
9486697
9486992
9487299
9487742
9488101
9488390
9488724
9488777
9488926
9489117
9489408
9489703
9489844
9491881
9491892
9491913
9491977
9491991
9492266
9492579
9492584
9492626
9493364
9493429
9493446
9493553
9493633
9493678
9494032
9494084
9494092
9494237
9494247
9494251
9496008
9496012
9496052
9496127
9496152
9496550
9496929
9496970
9497059
9497243
9497295
9497352
9497570
9497690
9498169
9498316
9498337
9498521
9498572
9498578
9498810
9499751
9500684
9500881
9501417
9501436
9501603
9503233
9503396
9503939
9503982
9504409
9504808
9505213
9505445
9505789
9506452
9506663
9507648
9509191
9511715
9512470
9512541
9512883
9513033
9513345
9513610
9513661
9514063
9514401
9514658
9515180
9516550
9516748
9516890
9518554
9518712
9518742
9518872
9518873
9518919
9518946
9519405
9519488
9519498
9519841
9520236
9520333
9520366
9520372
9520427
9520459
9520631
9520640
9520820
9520849
9520966
9521034
9521098
9521237
9521693
9521773
9522461
9522597
9522625
9522683
9522793
9523250
9523393
9523994
9524437
9524489
9527602
9527648
9527911
9527916
9527965
9528071
9528240
9528975
9529015
9529056
9529288
9529634
9529702
9530042
9530059
9530323
9530383
9530519
9530617
9530638
9530713
9530963
9531001
9531106
9531125
9531132
9531136
9531157
9531230
9531266
9531382
9531399
9531422
9531509
9531592
9531633
9531741
9531843
9532086
9532154
9532163
9532172
9532192
9532233
9532333
9532455
9532497
9532567
9532588
9534329
9534586
9534655
9534715
9534758
9534929
9535095
9535423
9535460
9535765
9535792
9535809
9535852
9536817
9537652
9537655
9539997
9540065
9540145
9540224
9540229
9540649
9541155
9541370
9541797
9541810
9542076
9542093
9542099
9542157
9542174
9542196
9542251
9542271
9542417
9542475
9542549
9542569
9542711
9542767
9542787
9542808
9542845
9542868
9542990
9543007
9543170
9543178
9543253
9543428
9543603
9543720
9544159
9544327
9544347
9544717
9545156
9545240
9545272
9545361
9545448
9545485
9545500
9545745
9546095
9546205
9546472
9546503
9546531
9546571
9546616
9546748
9546764
9546825
9546830
9546910
9547000
9547016
9547032
9547092
9547398
9547674
9547687
9547714
9547834
9547854
9547991
9548057
9548078
9548100
9548113
9548136
9548239
9548706
9548809
9548900
9548968
9549017
9549034
9549494
9549874
9550197
9551123
9551781
9551932
9551978
9552169
9552201
9552238
9552315
9552549
9552636
9552705
9552840
9552936
9553090
9553100
9553229
9553274
9553329
9553569
9553904
9553923
9553985
9554092
9554305
9554331
9554703
9555960
9557051
9558149
9558250
9559835
9561160
9561177
9561259
9562666
9563163
9564836
9564863
9564962
9565087
9565681
9565759
9565920
9565956
9566051
9566576
9566662
9566835
9566889
9566989
9567601
9567605
9567630
9567713
9567715
9567745
9567818
9567819
9567946
9567959
9568150
9568624
9568807
9568820
9569235
9569252
9569580
9569885
9571624
9571993
9574408
9575160
9575740
9575944
9577237
9579690
9580186
9580207
9581966
9582164
9582270
9582370
9582413
9583284
9583293
9583346
9583430
9583645
9583787
9584165
9584565
9587211
9587982
9588361
9588622
9589888
9590699
9591663
9602049
9616092
9616185
9616488
9616534
9616636
9616637
9616950
9616982
9617055
9617106
9617133
9617315
9617319
9617329
9617330
9617748
9617837
9618001
9618204
9618333
9618418
9618465
9618468
9618759
9618768
9618870
9618979
9618981
9619010
9619228
9619326
9619374
9619395
9619482
9619532
9619598
9619620
9619654
9620200
9621598
9622047
9622264
9624073
9624090
9624131
9624173
9624201
9624256
9624497
9624529
9624597
9624650
9624712
9624758
9624822
9624863
9624899
9624904
9624966
9625014
9625061
9625261
9625275
9625286
9625292
9625344
9625367
9625400
9625414
9625440
9625455
9625456
9625548
9625746
9625749
9625750
9625751
9625885
9625953
9626011
9626052
9626103
9626555
9626570
9626582
9626661
9626712
9626887
9627166
9627174
9627492
9627672
9627699
9627907
9628044
9628199
9628216
9628225
9628287
9628297
9628458
9628523
9628732
9628753
9628766
9628787
9628795
9628836
9628868
9628917
9628922
9628962
9628970
9628988
9629009
9629014
9629090
9629138
9629192
9629212
9629630
9629672
9629709
9630009
9630507
9631670
9632284
9632398
9632477
9632501
9632512
9632609
9632808
9632997
9633082
9633186
9633261
9633325
9633334
9633348
9633426
9633455
9633510
9633552
9633655
9633669
9633736
9633751
9633788
9633801
9633894
9633927
9634001
9634150
9634251
9645475
9646018
9657053
9658318
9666828
9671620
9671741
9672838
9673551
9675548
9675575
9676154
9685631
9689177
9689201
9689212
9689404
9689408
9689417
9689807
9689896
9689906
9689952
9689991
9690036
9690124
9690161
9690235
9690254
9690448
9690651
9690713
9690787
9690812
9690847
9690857
9690897
9690982
9691808
9691839
9691874
9692000
9692027
9692030
9692233
9692399
9693139
9693183
9693613
9694067
9694436
9694593
9694993
9698552
9700575
9701924
9702488
9702500
9702974
9703408
9703596
9703653
9704313
9704314
9704316
9704428
9704663
9705128
9705156
9707785
9708242
9708314
9708420
9708952
9709158
9709347
9709388
9709641
9709647
9709750
9709967
9710133
9710141
9712237
9712301
9713003
9713188
9713994
9714621
9714627
9714665
9715011
9715023
9715041
9716141
9716704
9716810
9717577
9718091
9718098
9718223
9718328
9718417
9718631
9718721
9718833
9718918
9719034
9719141
9719489
9719547
9719568
9720046
9720561
9721775
9722672
9722703
9723035
9723208
9724109
9724447
9726461
9727338
9729212
9733350
9733376
9735791
9736100
9736444
9736711
9737150
9738350
9738440
9738723
9738970
9739475
9739505
9739999
9740919
9741033
9741338
9741360
9741431
9741971
9744391
9745817
9745958
9746397
9746400
9746417
9747141
9748915
9748934
9749768
9749992
9750190
9750415
9750537
9751635
9752050
9752552
9752844
9753362
9753453
9753943
9754419
9756116
9756905
9757430
9759013
9759843
9759949
9762611
9763826
9763913
9764024
9764391
9764695
9764793
9765116
9765170
9765272
9765301
9765323
9765390
9765678
9765835
9766002
9766082
9766089
9766192
9766768
9767096
9770003
9770375
9770639
9771519
9771684
9771795
9771926
9771968
9772087
9772315
9772386
9772438
9772521
9772560
9773209
9773386
9773583
9774057
9774095
9774437
9775005
9775171
9776569
9777907
9778993
9780189
9780341
9780758
9781255
9781257
9781376
9781404
9781885
9781890
9782173
9782467
9783340
9783468
9785654
9785698
9785784
9786464
9787468
9787760
9788481
9788565
9788727
9789012
9789111
9789162
9790104
9790158
9790488
9790809
9791416
9791685
9792149
9792640
9793530
9793933
9793950
9794070
9794087
9794137
9794333
9794545
9794560
9794851
9794971
9795387
9796129
9796159
9796503
9796745
9796968
9797053
9798367
9798593
9798817
9798865
9799495
9800569
9800659
9803551
9803770
9803869
9803894
9803945
9804220
9804395
9804581
9804611
9805861
9806313
9806364
9806420
9806672
9806764
9807792
9809213
9809671
9809726
9809912
9810062
9810142
9810220
9811221
9811576
9811732
9811888
9811954
9812117
9812872
9813202
9813391
9813449
9813457
9813533
9813623
9813632
9813864
9814027
9814215
9814229
9814374
9814380
9814477
9814715
9814751
9815946
9816033
9816195
9816431
9816492
9817859
9818035
9818444
9819016
9819256
9819750
9820403
9820427
9820432
9820461
9820570
9820796
9820816
9821110
9821199
9821292
9821320
9821674
9821714
9822908
9822933
9822962
9823144
9823502
9823637
9823746
9823814
9823891
9823901
9824017
9824103
9824301
9824885
9825652
9825982
9826833
9826846
9827131
9827302
9827631
9827817
9827973
9828077
9828290
9829571
9830604
9830624
9830687
9831418
9831494
9832024
9832396
9832722
9833081
9833165
9833174
9833725
9835298
9835709
9835883
9836010
9836100
9836507
9837964
9838388
9838557
9839014
9839552
9839712
9840947
9841011
9841104
9841122
9841566
9841742
9842147
9843624
9844001
9844141
9845410
9846022
9846334
9847098
9847182
9847449
9847747
9847819
9848144
9848262
9848401
9848641
9848720
9848891
9849347
9849433
9849643
9850355
9850425
9851283
9851363
9851977
9852085
9853467
9854467
9856083
9856462
9857289
9857344
9858132
9858178
9858290
9858358
9859215
9859989
9860048
9860263
9861123
9861380
9861459
9861533
9862644
9863588
9863667
9868433
9868753
9869626
9870224
9870848
9871154
9871761
9871769
9872288
9872827
9873166
9874095
9874119
9874399
9874573
9876455
9876790
9878262
9878977
9879599
9879676
9879905
9880260
9880371
9880746
9880857
9880928
9881045
9882562
9882637
9883046
9883069
9883105
9883158
9883300
9883342
9883348
9883475
9883486
9884478
9887324
9887755
9887829
9888465
9888676
9888742
9888873
9890092
9892387
9893421
9894134
9894185
9894383
9894735
9896296
9896989
9897048
9897997
9898281
9898506
9898703
9898786
9899009
9899205
9899357
9899597
9899763
9900358
9900361
9900368
9900934
9901496
9902502
9903224
9904009
9904405
9904645
9904658
9904782
9905258
9905388
9905458
9905527
9906802
9907199
9907650
9908674
9908699
9910605
9910606
9911071
9911094
9911787
9911944
9912175
9912627
9912720
9913133
9913343
9913394
9913461
9913730
9914244
9914417
9914714
9915503
9915604
9915780
9916726
9916961
9917079
9918304
9919078
9919189
9922847
9923840
9924581
9926583
9927834
9930207
9930648
9931036
9931131
9931195
9931351
9931417
9931729
9932124
9932673
9933544
9934445
9934476
9934569
9935231
9935502
9935813
9935952
9936906
9937049
9937293
9937968
9938123
9938287
9938878
9939445
9939771
9939867
9940238
9940259
9940340
9940458
9940909
9941120
9941194
9941459
9941521
9941885
9941894
9941943
9943627
9943946
9944113
9944231
9944409
9944794
9945572
9945846
9945953
9947149
9947429
9947501
9947587
9948356
9948727
9948833
9949049
9949700
9949742
9949937
9950048
9950331
9950542
9951041
9952490
9952493
9952687
9953000
9953236
9953237
9953576
9954909
9956165
9956242
9956537
9956683
9957036
9957166
9957373
9958178
9958217
9958655
9959265
9959913
9959929
9960760
9961610
9962040
9962055
9962216
9963155
9964543
9964916
9965767
9966437
9967269
9969177
9969364
9969909
9970176
9971756
9975138
9976452
9978702
9978996
9979064
9979756
9980456
9980649
9982046
9982232
9982458
9982585
9982960
9984221
9984230
9984459
9984643
9985124
9985863
9986172
9988546
9988582
9989379
9989836
9991927
9992184
9993151
9993731
9993898
9994223
9994631
9996612
9997141
9997595
9998341
9998714
9999230
9999857
10000725
10003129
10003683
10004889
10005113
10005165
10005169
10005690
10005734
10005742
10006205
10007317
10007339
10009932
10010128
10010302
10010394
10013137
10015714
10016121
10016343
10016464
10017800
10018406
10018724
10019852
10020406
10020411
10020662
10020714
10020936
10021711
10022290
10022314
10022354
10022460
10022630
10022756
10022829
10022915
10023023
10023073
10023304
10023440
10023768
10024036
10024168
10024341
10024536
10024833
10024927
10025044
10025565
10025787
10026033
10026418
10027375
10027487
10027498
10027592
10027788
10028723
10029760
10029809
10029954
10030239
10030480
10030761
10031162
10031470
10031979
10032175
10032226
10032408
10032638
10032772
10032855
10032911
10032994
10033290
10034413
10034808
10035630
10035813
10035940
10035997
10036721
10037274
10037330
10037435
10037724
10037997
10038248
10038264
10038276
10038513
10038534
10038835
10039685
10039755
10039929
10040586
10041056
10041159
10041653
10041826
10041977
10042216
10042893
10042900
10043023
10043130
10044300
10045535
10045803
10045920
10046448
10046537
10047158
10047200
10047399
10047477
10047492
10048138
10048231
10048489
10048766
10049015
10049648
10050174
10050720
10050809
10050905
10051053
10051205
10051964
10052648
10052709
10053169
10053606
10053648
10054412
10054830
10055060
10055204
10055209
10055395
10056470
10056704
10058423
10059101
10059141
10059399
10060749
10060792
10060793
10061295
10061392
10061976
10062020
10062028
10062612
10062615
10063037
10063380
10063639
10064148
10065160
10065187
10065272
10065441
10065523
10065566
10065987
10066055
10066580
10067083
10067355
10067566
10067652
10067961
10068196
10068266
10068467
10068605
10068894
10069014
10069108
10069137
10069361
10070519
10070607
10070975
10071058
10071112
10071160
10071459
10072394
10073544
10073673
10074016
10074034
10076496
10076499
10076758
10077082
10077202
10077471
10077607
10078113
10078534
10078847
10079685
10080897
10081597
10083603
10083677
10083825
10083923
10084452
10085171
10086126
10087535
10087991
10088304
10088366
10088447
10088648
10088779
10089677
10090124
10091112
10091201
10091645
10093793
10093872
10094051
10094096
10094281
10094300
10094530
10095080
10095460
10095481
10095605
10096075
10096128
10096388
10096513
10097090
10098160
10098617
10098767
10099102
10099897
10100125
10100863
10100942
10100982
10101139
10101495
10103249
10103415
10104135
10104143
10105527
10106064
10106074
10106254
10106700
10107035
10107171
10107512
10108106
10108647
10109001
10109642
10109853
10109954
10110312
10110645
10110720
10111061
10111197
10112833
10113502
10113508
10113564
10113739
10114455
10114587
10114703
10114805
10114991
10115485
10116071
10116646
10116976
10117193
10117255
10117853
10118641
10118706
10120092
10120818
10121586
10122171
10124072
10124736
10126017
10126099
10126274
10126291
10126542
10126827
10126944
10127123
10127736
10127886
10128659
10129081
10129430
10130078
10130363
10130775
10130788
10130965
10131902
10132424
10132536
10132763
10132950
10133609
10133668
10133725
10135382
10136235
10137278
10137373
10138459
10138687
10139644
10141692
10141860
10142205
10142517
10144094
10145574
10145671
10146269
10146599
10147122
10147139
10147498
10148316
10148317
10150049
10150439
10150524
10150590
10150603
10151188
10151541
10151699
10152782
10152827
10154068
10154205
10154876
10155037
10155620
10155650
10155935
10156165
10156310
10156400
10157253
10157373
10157618
10158053
10158100
10158189
10158245
10158487
10158507
10159329
10159592
10159859
10160343
10161072
10162940
10163139
10163181
10163274
10164560
10166912
10167416
10167767
10168222
10168469
10168501
10169092
10170950
10172497
10172511
10172623
10172667
10173202
10173549
10175329
10175395
10175462
10175879
10175881
10176385
10176447
10176603
10177405
10177412
10177556
10177607
10177651
10177768
10177790
10178235
10179032
10179780
10182141
10182671
10182828
10182916
10183067
10183197
10183248
10186254
10188357
10189194
10189653
10190860
10191043
10191218
10191972
10192972
10193362
10193379
10193443
10193700
10193755
10193759
10194331
10194479
10195233
10196144
10196815
10197141
10197311
10197329
10197900
10198862
10199158
10199633
10199890
10200578
10201103
10201162
10203073
10204226
10204541
10205120
10205756
10205818
10206550
10206890
10207050
10207287
10208092
10208196
10208408
10208785
10208928
10210330
10210366
10210874
10211471
10211479
10211823
10211965
10212400
10212463
10212626
10212668
10212674
10212825
10213817
10214036
10214510
10214577
10214590
10214646
10215377
10215393
10215687
10215691
10215843
10215963
10216301
10216642
10217206
10218248
10218320
10220163
10221572
10221884
10222759
10223129
10223350
10223383
10223703
10224521
10224535
10224939
10225222
10225472
10225771
10225841
10226060
10226219
10226280
10226781
10226843
10226907
10226991
10227084
10227241
10227573
10227700
10227715
10227899
10227929
10227990
10228118
10229218
10230093
10230787
10231149
10231294
10231304
10232159
10232180
10232486
10233469
10233882
10233963
10234157
10234311
10234827
10234873
10235202
10235425
10235527
10235672
10236307
10236491
10236619
10236860
10236913
10237351
10237525
10238035
10238493
10238657
10238704
10238765
10239070
10239104
10239329
10239729
10239997
10239998
10240742
10240787
10240894
10241444
10241525
10242131
10243257
10244613
10245074
10245141
10245199
10245607
10246861
10246959
10247681
10247976
10248081
10248105
10248134
10248236
10249298
10249847
10251323
10251701
10252324
10252398
10253008
10253034
10253572
10253735
10253866
10253926
10254125
10254163
10254427
10254815
10255846
10256917
10257237
10257647
10257783
10257843
10259037
10260000
10260033
10260424
10260521
10260932
10261266
10263430
10263667
10264299
10264346
10264384
10264414
10265138
10265670
10266089
10266650
10266975
10267672
10268361
10268751
10269459
10269536
10269872
10269931
10270865
10271817
10272089
10272454
10272856
10273077
10273230
10273783
10273893
10273946
10274211
10274533
10275657
10275716
10276101
10276161
10276427
10276857
10277943
10278338
10278796
10279786
10280119
10281365
10282218
10283027
10283114
10283351
10284846
10284947
10284962
10285680
10287231
10289437
10290445
10291007
10291254
10291368
10291772
10292525
10292796
10292975
10293070
10293607
10294851
10295125
10295920
10296139
10296173
10296702
10296814
10297887
10297893
10298771
10298882
10301269
10301404
10301928
10302038
10302121
10302141
10302315
10302497
10303597
10304101
10304109
10305149
10305526
10305859
10306005
10306064
10306119
10306457
10306582
10306781
10306803
10306884
10307463
10307693
10308681
10308741
10308954
10309281
10309426
10309613
10310146
10310345
10310405
10310839
10310848
10310850
10311856
10312488
10313620
10314253
10315994
10317072
10317251
10318925
10318968
10319571
10320614
10320822
10321100
10323047
10323080
10323222
10323728
10324206
10324342
10324636
10324888
10324924
10325266
10326395
10329959
10330314
10330317
10330368
10330873
10331206
10331488
10332064
10332162
10332908
10333354
10334179
10334313
10334611
10334794
10334800
10335053
10335381
10335576
10335629
10335802
10336190
10336822
10337084
10337486
10338457
10339118
10339461
10340716
10341045
10341141
10341264
10341588
10341734
10342012
10342466
10342849
10343203
10343649
10344181
10344674
10345263
10345785
10345931
10345959
10346090
10346170
10346230
10346405
10346848
10346939
10347683
10348013
10348031
10348174
10348382
10348997
10349192
10349416
10349669
10350424
10352983
10353879
10354268
10357473
10357851
10358079
10358576
10359729
10360463
10361179
10361759
10361783
10361800
10361801
10362155
10362196
10362411
10362909
10362988
10363099
10363261
10363411
10363603
10363818
10364957
10365261
10365868
10365932
10366103
10367001
10367210
10367628
10367853
10367989
10368136
10368606
10369199
10369647
10369874
10370028
10370550
10371334
10371521
10372008
10372512
10372920
10373426
10374394
10376084
10376326
10376361
10376483
10376960
10377295
10377353
10378506
10380715
10382296
10382740
10382849
10383007
10383235
10383476
10383796
10383918
10384075
10384226
10384252
10384616
10385092
10385283
10385284
10386052
10386162
10386387
10386575
10386839
10386962
10387006
10387660
10387952
10388304
10389476
10389789
10390444
10390479
10391557
10392525
10392807
10394573
10394634
10395005
10395585
10397319
10398008
10398046
10398694
10399599
10399643
10400209
10400217
10400319
10400349
10400792
10401683
10403288
10403377
10403454
10403550
10404445
10404811
10405594
10405845
10406279
10407462
10407797
10408347
10408622
10409841
10410144
10410265
10411907
10413000
10413565
10413722
10414518
10414649
10414767
10417881
10418062
10418419
10419217
10420597
10420683
10421761
10421957
10422210
10422627
10422726
10422951
10423241
10423421
10423493
10423635
10423807
10423828
10424117
10424234
10424604
10424770
10424834
10425205
10425440
10426625
10427026
10427340
10428147
10428413
10428710
10429685
10430802
10431452
10432280
10432372
10433195
10433361
10434026
10434872
10435045
10436116
10436205
10437238
10438212
10439363
10440162
10440657
10440661
10441350
10442241
10442693
10442747
10442934
10443010
10443428
10443743
10443788
10443896
10443935
10444061
10444093
10444149
10444650
10445036
10445057
10445575
10446853
10446905
10448741
10448985
10449183
10449288
10450350
10450426
10451648
10451768
10453018
10453304
10453376
10453516
10454577
10455207
10456282
10457543
10457693
10457752
10458094
10458138
10458271
10458461
10458711
10460477
10461091
10461411
10461934
10462049
10462425
10462969
10463464
10463687
10465047
10465954
10466197
10466373
10466745
10466824
10467005
10467643
10467767
10467835
10467949
10468429
10469732
10472275
10472903
10472918
10473217
10473857
10474004
10474174
10474715
10476673
10476907
10478005
10478063
10478475
10479234
10479250
10479814
10479948
10480086
10480538
10480768
10481404
10481724
10481777
10483096
10483214
10483393
10484071
10484365
10484433
10484437
10484497
10484952
10485213
10485288
10485740
10485925
10486101
10486299
10486634
10486803
10487122
10487319
10488014
10488707
10490325
10492671
10495508
10495953
10497023
10498387
10498390
10498611
10499226
10500061
10500591
10500646
10500693
10500910
10501076
10501476
10503439
10503500
10503515
10504894
10504945
10505183
10505278
10505301
10505484
10505910
10505944
10506417
10507818
10508689
10509331
10509547
10509906
10510414
10510678
10511195
10512242
10513436
10513805
10514414
10515127
10515741
10516530
10517360
10518146
10518534
10518594
10518729
10520620
10520786
10520828
10520983
10521211
10522755
10523155
10524196
10524385
10524881
10524968
10525581
10526991
10528282
10528483
10529853
10530432
10532331
10532439
10532558
10532744
10533527
10534047
10534089
10534237
10534675
10535454
10536488
10536516
10536525
10536702
10536731
10537153
10537156
10537542
10537908
10538637
10539026
10539363
10539577
10539989
10540025
10540115
10540330
10540398
10540858
10541276
10541436
10541682
10541989
10542237
10542288
10542467
10543111
10543118
10543432
10543790
10544748
10545388
10547015
10548031
10548756
10548975
10549111
10549354
10549497
10549629
10549750
10549955
10550746
10550752
10550815
10551574
10552346
10552705
10552802
10553095
10553760
10553989
10554300
10555119
10555272
10555380
10555619
10556186
10556331
10556461
10557425
10558383
10558806
10559997
10560036
10560442
10561530
10562128
10563913
10564434
10565900
10566112
10566574
10568847
10569317
10569576
10569749
10569835
10571292
10571908
10572602
10572767
10574009
10574170
10574299
10574945
10575042
10575532
10577510
10577768
10577797
10579865
10580468
10580597
10580682
10581376
10581650
10581769
10582607
10583096
10583344
10583583
10583767
10583864
10584070
10584436
10584632
10584976
10586172
10586486
10586697
10586908
10587497
10587500
10587806
10587891
10588818
10589134
10589489
10589501
10590439
10591307
10591384
10591407
10592096
10592114
10592452
10592497
10592694
10592700
10592818
10593700
10593900
10593946
10594002
10594292
10594380
10594908
10595319
10595731
10595864
10596626
10597442
10597532
10597828
10598345
10599253
10600069
10600162
10601221
10601627
10602093
10602125
10603151
10603406
10603484
10604270
10604949
10605090
10605491
10605559
10605979
10606450
10607308
10607806
10608051
10608584
10609891
10610522
10611002
10611895
10612018
10612154
10612207
10613000
10613136
10613374
10613937
10614051
10615508
10616945
10617197
10617282
10619075
10619448
10619885
10620739
10621477
10621675
10622429
10623494
10623851
10624100
10624222
10624824
10625461
10625745
10626055
10626062
10626185
10626998
10627024
10628159
10628542
10629444
10629608
10629691
10631743
10633138
10633925
10635465
10635692
10636074
10636351
10637912
10639033
10639092
10639910
10639983
10641313
10641495
10642073
10642114
10642943
10643003
10643235
10643492
10643748
10644118
10644124
10644268
10645135
10645242
10645595
10645793
10647169
10647693
10647758
10648176
10648842
10648858
10649333
10649451
10649484
10650131
10650743
10651051
10651121
10651753
10652446
10653583
10654161
10654559
10654618
10654706
10655735
10656313
10657539
10657833
10658194
10658793
10659146
10659496
10659751
10659765
10660017
10660330
10660702
10661029
10661076
10661592
10661729
10662166
10662218
10662288
10662437
10662444
10662447
10663073
10663090
10663214
10663252
10663541
10663743
10663781
10663885
10664525
10665769
10666200
10666447
10666580
10667674
10669474
10669924
10670035
10670356
10670742
10670764
10674332
10676336
10676346
10676428
10676907
10676943
10677191
10677551
10677850
10678022
10678520
10678740
10678782
10679348
10680044
10680309
10680436
10680556
10681976
10682176
10682177
10682408
10683234
10683356
10683836
10683842
10684091
10684870
10687263
10687419
10688026
10688170
10688325
10688730
10689457
10689555
10691372
10693203
10693794
10694108
10694335
10694890
10695114
10695188
10696640
10696940
10697240
10698551
10698578
10700003
10700550
10701995
10702381
10702983
10703719
10703888
10704077
10704424
10704480
10704492
10704856
10705228
10705708
10706109
10706889
10708633
10709510
10709717
10709757
10709780
10710584
10711584
10712127
10712414
10712483
10712504
10712756
10713519
10714583
10714685
10714766
10714866
10714867
10715508
10717063
10718037
10718952
10720107
10720115
10720663
10721365
10722058
10722309
10722873
10723311
10723519
10723725
10724247
10724486
10724488
10725494
10725522
10726606
10726685
10727454
10727458
10727529
10728297
10728298
10728493
10728655
10728675
